10
173 173 506
6888 7125 7276 7345 7536 7761 7824 7992 8187 8405 8495 8533 8688 8927 8995 9060 9098 9291 9295 9375 9395 9493 9530 9704 9804 9911 9978 10053 10227 10319 10337 10488 10561 10644 10707 10853 11006 11237 11326 11420 11664 11753 11962 11980 12055 12193 12414 12424 12471 12678 12923 13176 13210 13298 13408 13624 13803 13813 13973 14024 14229 14327 14413 14464 14513 14707 14859 15092 15109 15242 15472 15681 15826 15903 16011 16035 16041 16086 16338 16367 16472 16659 16875 17108 17150 17198 17324 17501 17655 17674 17718 17937 18074 18148 18383 18478 18568 18643 18653 18887 18980 19126 19343 19444 19540 19754 19813 20037 20289 20501 20556 20597 20668 20733 20938 21191 21315 21495 21554 21669 21918 21924 22129 22254 22309 22459 22662 22845 22864 23018 23074 23125 23239 23355 23607 23820 23836 23890 24036 24099 24191 24222 24474 24534 24733 24763 24842 25014 25071 25254 25359 25386 25531 25614 25803 26816 26865 26949 27074 27228 27425 27501 27517 27694 27823 27846 27932 28092 28330 28514 28736 28959 29171
7063 7157 7288 7489 7699 7700 7840 7866 7878 8003 8113 8155 8249 8259 8493 8642 8761 8768 9003 9231 9344 9492 9593 9622 9864 10000 10166 10403 10627 10803 10878 10999 11001 11099 11176 11307 11323 11374 11626 11657 11873 11901 11945 12040 12228 12381 12531 12625 12864 13088 13148 13373 13470 13487 13696 13775 13925 14166 14398 14626 14877 14917 14985 15093 15180 15331 15419 15494 15712 15754 15846 16083 16326 16458 16622 16844 16989 17095 17263 17403 17447 17680 17801 18028 18270 18495 18517 18664 18791 18931 19101 19206 19400 19483 19719 19906 20053 20261 20287 20357 20412 20486 20512 20755 20963 21185 21224 21234 21317 21411 21450 21662 21850 21991 22136 22260 22388 22487 22686 22887 23115 23206 23247 23260 23411 23442 23661 23774 24002 24243 24256 24257 24435 24579 24686 24819 24921 25157 25216 25396 25629 25670 25799 25878 25919 26149 26200 26225 26412 26532 26650 26655 26874 26957 27065 27245 27275 27301 27473 27675 27684 27835 28010 28198 28318 28372 28378 28608 28751 28850 28947 29170 29231
11 11 682
9789 10051 10066 10324 10460 10684 10885 10975 11005 11117 11200
10389 10453 10476 10646 10823 11135 11211 11452 11601 11724 11918
165 165 516
1378 1597 1622 1642 1707 1771 1907 2084 2281 2520 2532 2602 2643 2833 2981 3193 3355 3369 3492 3711 3715 3771 3785 3946 3978 4076 4266 4429 4656 4680 4845 4854 4970 5108 5112 5299 5536 5618 5666 5866 6066 6285 6427 6444 6501 6537 6700 6742 6908 6969 7048 7229 7433 7563 7647 7817 7942 8055 8139 8178 8228 8466 8647 8898 9095 9189 9300 9524 9670 9861 10035 10139 10352 10573 10789 10891 11013 11258 11461 11670 11687 11831 12019 12135 12254 12271 12431 12443 12544 12607 12776 12830 12870 12963 13115 13247 13410 13414 13579 13601 13605 13858 13927 13946 14187 14421 14589 14672 14883 15079 15220 15221 15359 15528 15595 15609 15731 15811 15903 16040 16128 16152 16233 16313 16405 16468 16607 16760 16901 16967 17049 17220 17361 17463 17647 17706 17802 17811 17960 18088 18264 18515 18542 18608 18639 18840 18946 19100 19349 19462 19600 19821 19921 20151 20188 20307 20418 20545 20721 20903 21003 21170 21383 21484 21507
1783 2663 3225 3989 4856 5747 6701 7518 8346 9067 9996 10590 11399 12029 12807 13808 14698 15615 16247 17138 17742 18663 19597 20236 21199 21963 22807 23468 24118 25008 25776 26697 27274 28167 28810 29695 30592 31474 32113 32864 33598 34207 35085 35950 36680 37524 38532 39425 40341 41342 42009 42620 43320 44327 45160 45988 46709 47736 48354 49338 50175 50860 51562 52114 53142 53854 54729 55375 55964 56986 57673 58341 58886 59472 60504 61435 62456 63100 64131 65078 65894 66648 67610 68305 69234 70106 71018 71662 72528 73168 73839 74530 75205 75779 76582 77481 78454 79314 80328 80958 81965 82959 83744 84748 85339 85868 86704 87651 88510 89283 89822 90820 91732 92678 93408 93947 94752 95671 96570 97308 98149 98671 99413 99956 100788 101696 102542 103257 103968 104896 105598 106124 106931 107480 108436 108955 109834 110354 111161 111946 112464 113408 114191 115095 116087 116733 117449 118373 119130 120127 120659 121547 122225 123096 123859 124416 125192 125717 126608 127620 128489 129478 130228 130884 131523
173 173 781
2521 2573 2843 2849 2952 3124 3389 3607 3726 3981 4046 4316 4441 4600 4675 4944 5239 5394 5689 5744 6010 6325 6354 6505 6600 6706 7023 7155 7284 7656 7853 7991 8088 8344 8455 8593 8943 9085 9250 9302 9428 9719 9823 10136 10390 10431 10735 10903 11156 11461 11820 12000 12207 12575 12962 13344 13567 13844 14150 14505 14861 15242 15304 15595 15868 15912 16288 16509 16733 16863 17204 17368 17693 17762 17843 17966 18132 18384 18450 18498 18629 18839 18850 19087 19396 19554 19871 19998 20180 20231 20451 20685 20943 21122 21167 21253 21616 21873 22135 22261 22493 22522 22631 22679 22762 23108 23160 23490 23602 23769 24074 24221 24288 24378 24765 24887 24943 25015 25021 25110 25354 25580 25694 25923 26095 26232 26316 26655 26732 26885 27048 27242 27465 27611 27871 28122 28307 28464 28549 28692 29058 29384 29485 29851 29924 29995 30007 30280 30439 30441 30451 30637 30868 30956 31070 31193 31205 31395 31438 31534 31578 31703 32074 32449 32491 32507 32607 32616 32830 32865 33237 33476 33830
2593 2772 2946 3058 3274 3406 3737 3740 3806 4176 4352 4381 4755 4757 5053 5367 5666 5676 5677 5700 5996 6257 6525 6876 7252 7425 7642 7653 7860 8091 8426 8705 8840 8880 9233 9411 9541 9741 9991 10041 10289 10668 10882 10920 11032 11356 11498 11695 11981 12208 12517 12734 12994 13101 13388 13709 14088 14145 14496 14498 14871 15130 15382 15601 15798 15960 16169 16303 16360 16588 16853 16887 17023 17061 17412 17753 17874 17887 18210 18478 18770 18774 18805 18875 19005 19164 19166 19266 19353 19388 19683 19878 20045 20237 20347 20358 20369 20726 21026 21057 21171 21275 21651 21786 21866 21988 22053 22385 22757 22823 22899 23168 23493 23687 24068 24228 24392 24686 24757 24783 25047 25134 25244 25632 25640 25912 26051 26314 26668 26736 27015 27397 27428 27751 28084 28305 28600 28765 29063 29276 29309 29336 29643 29885 30101 30334 30676 30715 30939 31101 31347 31584 31726 31848 32006 32317 32421 32496 32766 32991 33057 33353 33482 33708 33989 34323 34352 34455 34483 34554 34564 34889 35137
20 20 513
761 939 1133 1136 1366 1555 1638 1818 1975 2093 2305 2464 2593 2750 2987 2990 3237 3390 4417 4638
1209 1263 1379 1426 1594 1796 2029 2199 2263 2474 2570 2812 2915 2983 3218 3256 3476 3488 3639 3811
178 178 903
8634 9536 10438 11340 12242 13144 14046 14948 15850 16752 17654 18556 19458 20360 21262 22164 23066 23968 24870 25772 26674 27576 28478 29380 30282 31184 32086 32988 33890 34792 35694 36596 37498 38400 39302 40204 41106 42008 42910 43812 44714 45616 46518 47420 48322 49224 50126 51028 51930 52832 53734 54636 55538 56440 57342 58244 59146 60048 60950 61852 62754 63656 64558 65460 66362 67264 68166 69068 69970 70872 71774 72676 73578 74480 75382 76284 77186 78088 78990 79892 80794 81696 82598 83500 84402 85304 86206 87108 88010 88912 89814 90716 91618 92520 93422 94324 95226 96128 97030 97932 98834 99736 100638 101540 102442 103344 104246 105148 106050 106952 107854 108756 109658 110560 111462 112364 113266 114168 115070 115972 116874 117776 118678 119580 120482 121384 122286 123188 124090 124992 125894 126796 127698 128600 129502 130404 131306 132208 133110 134012 134914 135816 136718 137620 138522 139424 140326 141228 142130 143032 143934 144836 145738 146640 147542 148444 149346 150248 151150 152052 152954 153856 154758 155660 156562 157464 158366 159268 160170 161072 161974 162876 163778 164680 165582 166484 167386 168288
8297 9199 10101 11003 11905 12807 13709 14611 15513 16415 17317 18219 19121 20023 20925 21827 22729 23631 24533 25435 26337 27239 28141 29043 29945 30847 31749 32651 33553 34455 35357 36259 37161 38063 38965 39867 40769 41671 42573 43475 44377 45279 46181 47083 47985 48887 49789 50691 51593 52495 53397 54299 55201 56103 57005 57907 58809 59711 60613 61515 62417 63319 64221 65123 66025 66927 67829 68731 69633 70535 71437 72339 73241 74143 75045 75947 76849 77751 78653 79555 80457 81359 82261 83163 84065 84967 85869 86771 87673 88575 89477 90379 91281 92183 93085 93987 94889 95791 96693 97595 98497 99399 100301 101203 102105 103007 103909 104811 105713 106615 107517 108419 109321 110223 111125 112027 112929 113831 114733 115635 116537 117439 118341 119243 120145 121047 121949 122851 123753 124655 125557 126459 127361 128263 129165 130067 130969 131871 132773 133675 134577 135479 136381 137283 138185 139087 139989 140891 141793 142695 143597 144499 145401 146303 147205 148107 149009 149911 150813 151715 152617 153519 154421 155323 156225 157127 158029 158931 159833 160735 161637 162539 163441 164343 165245 166147 167049 167951
256 256 758
6747 6816 6947 7202 7248 7377 7586 7812 7852 7986 8080 8403 8694 9032 9091 9407 9532 9771 9810 10037 10338 10447 10539 10710 11005 11353 11555 11772 11824 12154 12336 12347 12371 12596 12814 13171 13260 13628 13946 13960 14307 14413 14589 14920 14974 15272 15512 15732 15865 15994 16236 16439 16642 16981 17063 17274 17508 17682 17713 17980 18028 18060 18238 18449 18714 19057 19175 19311 19367 19698 19807 20161 20286 20334 20444 20603 20961 20982 21174 21207 21544 21755 21914 22262 22346 22651 22777 23068 23084 23183 23492 23503 23842 24126 24194 24378 24383 24590 24820 25063 25114 25398 25635 25637 25793 26038 26095 26307 26317 26501 26732 27042 27206 27583 27857 28063 28257 28526 28859 29047 29306 29612 29705 29716 29895 30216 30263 30460 30574 30842 30898 31132 31439 31497 31843 32113 32227 32312 32425 32428 32537 32732 32947 33008 33024 33262 33340 33643 33865 33894 34016 34148 34153 34486 34543 34888 34891 35198 35512 35675 35979 36014 36186 36250 36419 36488 36599 36948 37303 37675 37710 38041 38135 38246 38409 38448 38780 39142 39377 39405 39439 39671 39831 39928 40071 40357 40523 40799 41140 41200 41479 41800 41842 42000 42149 42436 42727 42944 43093 43413 43525 43722 43846 44094 44178 44276 44533 44740 44931 45159 45292 45606 45888 46124 46343 46700 46913 46972 47339 47520 47780 47930 48230 48282 48520 48829 48847 48953 49059 49413 49758 49818 49929 50083 50447 50690 50984 51296 51467 51792 52139 52178 52391 52462 52524 52870 52940 53163 53253 53528 53867 54065 54153 54478 54597 54687
7344 7504 7834 7868 8043 8055 8212 8311 8641 8973 9337 9619 9941 10094 10176 10411 10754 10953 11207 11471 11846 11974 12237 12335 12455 12552 12822 12884 13098 13183 13330 13430 13701 13990 14223 14472 14718 15030 15061 15386 15501 15783 15947 15992 16180 16477 16801 17045 17370 17560 17719 17937 18155 18236 18608 18832 19167 19267 19487 19702 19999 20034 20337 20351 20719 20857 21101 21201 21278 21625 21764 22026 22293 22466 22655 22893 22928 23080 23277 23418 23728 24032 24035 24286 24371 24421 24600 24768 25136 25269 25492 25773 26112 26253 26560 26868 26935 27252 27332 27391 27509 27662 27812 27923 28076 28167 28426 28542 28917 29106 29117 29420 29517 29811 29956 30101 30118 30175 30342 30445 30602 30708 30914 31042 31209 31217 31321 31441 31563 31603 31627 31693 31803 31930 32001 32354 32395 32531 32576 32912 32972 33131 33444 33680 34005 34076 34267 34393 34729 35069 35218 35221 35299 35596 35824 36136 36484 36862 37229 37468 37705 37776 37891 38105 38175 38334 38387 38605 38848 39166 39169 39199 39551 39886 40039 40079 40267 40519 40587 40881 41199 41514 41647 41805 41991 41998 42236 42404 42631 42764 43103 43202 43393 43695 43955 44111 44369 44371 44454 44608 44978 45103 45389 45566 45804 46108 46293 46433 46637 46828 46866 47069 47195 47375 47515 47767 48134 48200 48250 48626 48760 48964 49108 49189 49315 49486 49565 49667 49823 50020 50075 50077 50222 50405 50523 50705 50755 50915 51130 51176 51370 51426 51745 51931 52102 52231 52314 52513 52618 52851 53056 53163 53495 53502 53693 53852
287 287 958
4000 4293 4375 4385 4404 4508 4906 5069 5500 5784 6031 6390 6672 6945 7251 7526 7603 7961 8431 8755 9063 9209 9352 9402 9482 9533 9824 9850 9992 10425 10683 10910 11204 11395 11547 11647 11902 12312 12516 12539 12794 13004 13394 13675 14012 14455 14714 15099 15428 15477 15596 16043 16464 16686 17134 17150 17227 17276 17488 17860 18029 18186 18300 18770 19108 19392 19461 19521 19870 20063 20343 20555 20584 20653 20834 20878 21351 21496 21969 22382 22488 22796 22862 23142 23565 24012 24146 24202 24497 24662 25033 25465 25536 25832 26291 26376 26815 26976 27391 27662 27941 28373 28453 28929 29209 29643 29989 30160 30477 30534 30638 30958 31316 31364 31629 32044 32105 32260 32327 32515 32700 33176 33318 33744 33997 34406 34551 34594 34889 34970 35093 35141 35529 35805 35992 36164 36205 36653 36660 36771 36943 37390 37449 37809 37974 38335 38443 38746 39168 39426 39758 40114 40177 40310 40595 40636 40905 41122 41169 41258 41315 41407 41580 41739 41960 42076 42317 42417 42450 42761 43035 43238 43375 43806 44235 44567 44679 45001 45160 45526 45564 45704 45814 46116 46384 46462 46726 47072 47330 47767 48036 48186 48261 48378 48600 48654 48689 48871 49233 49541 49902 49911 50331 50727 50942 51324 51361 51509 51700 51838 51997 52274 52378 52625 52877 52998 53238 53257 53312 53528 53674 53907 53988 54375 54419 54837 55164 55618 55761 56036 56284 56501 56953 57151 57326 57650 58078 58084 58085 58486 58755 59110 59260 59728 60084 60096 60150 60392 60427 60440 60847 61251 61564 61736 61867 62056 62155 62468 64385 64784 65163 65327 65476 65743 66134 66462 66669 66932 67103 67183 67552 67811 67894 67953 68347 68446 68891 69059 69457 69500 69924 70209 70247 70279 70743 71170 71373
3607 3883 4063 4491 4695 4874 5148 5381 5838 6316 6737 6786 7162 7268 7525 7961 8012 8211 8432 8731 8789 8849 8903 9143 9523 9680 10084 10144 10259 10339 10444 10570 10767 11210 11550 11745 12150 12302 12618 12909 13300 13419 13673 14063 14082 14417 14864 15216 15471 15806 16166 16569 17015 17254 17463 17585 17657 17722 17737 17979 18338 18477 18688 18715 19157 19617 20079 20209 20485 20571 20918 21167 21324 21539 21655 21930 22009 22303 22317 22323 22779 22902 23183 23272 23726 23937 24397 24847 24914 25294 25327 25684 25847 26296 26343 26682 27035 27436 27666 28080 28487 28766 28941 29024 29285 29336 29725 29955 30330 30427 30689 30971 30989 31007 31020 31298 31548 31677 32100 32166 32258 32593 32607 32652 32882 33336 33810 34014 34177 34604 34684 35144 35471 35486 35548 36021 36142 36508 36960 37274 37514 37535 37718 37900 38057 38076 38434 38549 38889 39137 39465 39794 39990 40260 40591 40702 41046 41400 41878 42267 42589 42744 42970 43169 43359 43687 44011 44049 44370 44421 44856 45147 45255 45322 45792 45807 46207 46552 46665 46759 47071 47448 47683 48020 48328 48719 48822 48933 49340 49488 49524 49889 50235 50689 51080 51140 51269 51330 51703 51814 51827 52188 52557 52591 52728 52935 53049 53300 53310 53459 53690 53969 54047 54333 54724 55117 55394 55664 55777 55915 56246 56282 56705 56752 56966 57334 57712 58041 58462 58727 59024 59198 59245 59479 59493 59501 59900 60039 60085 60257 60403 60646 60682 61050 61186 61573 61962 62396 62415 62641 62988 63420 63464 63873 64296 64336 64476 64601 64638 64894 65066 65171 65409 65608 65851 66264 66646 67046 67460 67644 67744 67748 68023 68112 68345 68394 68853 69036 69077 69243 69265 69700 69723 69833 70226 70513 70992
88 88 807
1409 1621 1810 1990 2103 2489 2533 2861 3087 3283 3310 3598 3793 3871 3965 4085 4387 4482 4664 4990 5387 5716 5915 6217 6421 6542 6762 6869 6969 7238 7449 7656 8040 8281 8320 8529 8733 8852 8966 9172 9395 9717 9782 10169 10299 10566 10954 11316 11646 11920 12084 12418 12472 12682 12809 12861 13023 13067 13452 13537 13746 14085 14442 14585 14962 15297 15490 15671 15860 15909 15922 16108 16454 16529 16799 16837 17047 17348 17423 17608 17806 18036 18437 18820 19139 19542 19723 19849
1198 1539 1635 1945 2211 2548 2914 3201 3426 3438 3720 3726 3887 4080 4454 4628 4796 4947 5131 5427 5718 6086 6188 6467 6693 6872 7243 7280 7480 7629 7956 8196 8564 8752 9123 9453 9795 10083 10239 10489 10830 10839 10959 11105 11212 11273 11324 11567 11583 11660 11811 11911 12309 12455 12807 12995 13119 13469 13577 13730 13951 14147 14317 14609 14965 15182 15191 15570 15748 15831 15838 16009 16151 16437 16662 16997 17326 17696 17760 17966 18075 18250 18557 18727 18741 18972 19099 19261
649 649 830
798 1627 2456 3285 4114 4943 5772 6601 7430 8259 9088 9917 10746 11575 12404 13233 14062 14891 15720 16549 17378 18207 19036 19865 20694 21523 22352 23181 24010 24839 25668 26497 27326 28155 28984 29813 30642 31471 32300 33129 33958 34787 35616 36445 37274 38103 38932 39761 40590 41419 42248 43077 43906 44735 45564 46393 47222 48051 48880 49709 50538 51367 52196 53025 53854 54683 55512 56341 57170 57999 58828 59657 60486 61315 62144 62973 63802 64631 65460 66289 67118 67947 68776 69605 70434 71263 72092 72921 73750 74579 75408 76237 77066 77895 78724 79553 80382 81211 82040 82869 83698 84527 85356 86185 87014 87843 88672 89501 90330 91159 91988 92817 93646 94475 95304 96133 96962 97791 98620 99449 100278 101107 101936 102765 103594 104423 105252 106081 106910 107739 108568 109397 110226 111055 111884 112713 113542 114371 115200 116029 116858 117687 118516 119345 120174 121003 121832 122661 123490 124319 125148 125977 126806 127635 128464 129293 130122 130951 131780 132609 133438 134267 135096 135925 136754 137583 138412 139241 140070 140899 141728 142557 143386 144215 145044 145873 146702 147531 148360 149189 150018 150847 151676 152505 153334 154163 154992 155821 156650 157479 158308 159137 159966 160795 161624 162453 163282 164111 164940 165769 166598 167427 168256 169085 169914 170743 171572 172401 173230 174059 174888 175717 176546 177375 178204 179033 179862 180691 181520 182349 183178 184007 184836 185665 186494 187323 188152 188981 189810 190639 191468 192297 193126 193955 194784 195613 196442 197271 198100 198929 199758 200587 201416 202245 203074 203903 204732 205561 206390 207219 208048 208877 209706 210535 211364 212193 213022 213851 214680 215509 216338 217167 217996 218825 219654 220483 221312 222141 222970 223799 224628 225457 226286 227115 227944 228773 229602 230431 231260 232089 232918 233747 234576 235405 236234 237063 237892 238721 239550 240379 241208 242037 242866 243695 244524 245353 246182 247011 247840 248669 249498 250327 251156 251985 252814 253643 254472 255301 256130 256959 257788 258617 259446 260275 261104 261933 262762 263591 264420 265249 266078 266907 267736 268565 269394 270223 271052 271881 272710 273539 274368 275197 276026 276855 277684 278513 279342 280171 281000 281829 282658 283487 284316 285145 285974 286803 287632 288461 289290 290119 290948 291777 292606 293435 294264 295093 295922 296751 297580 298409 299238 300067 300896 301725 302554 303383 304212 305041 305870 306699 307528 308357 309186 310015 310844 311673 312502 313331 314160 314989 315818 316647 317476 318305 319134 319963 320792 321621 322450 323279 324108 324937 325766 326595 327424 328253 329082 329911 330740 331569 332398 333227 334056 334885 335714 336543 337372 338201 339030 339859 340688 341517 342346 343175 344004 344833 345662 346491 347320 348149 348978 349807 350636 351465 352294 353123 353952 354781 355610 356439 357268 358097 358926 359755 360584 361413 362242 363071 363900 364729 365558 366387 367216 368045 368874 369703 370532 371361 372190 373019 373848 374677 375506 376335 377164 377993 378822 379651 380480 381309 382138 382967 383796 384625 385454 386283 387112 387941 388770 389599 390428 391257 392086 392915 393744 394573 395402 396231 397060 397889 398718 399547 400376 401205 402034 402863 403692 404521 405350 406179 407008 407837 408666 409495 410324 411153 411982 412811 413640 414469 415298 416127 416956 417785 418614 419443 420272 421101 421930 422759 423588 424417 425246 426075 426904 427733 428562 429391 430220 431049 431878 432707 433536 434365 435194 436023 436852 437681 438510 439339 440168 440997 441826 442655 443484 444313 445142 445971 446800 447629 448458 449287 450116 450945 451774 452603 453432 454261 455090 455919 456748 457577 458406 459235 460064 460893 461722 462551 463380 464209 465038 465867 466696 467525 468354 469183 470012 470841 471670 472499 473328 474157 474986 475815 476644 477473 478302 479131 479960 480789 481618 482447 483276 484105 484934 485763 486592 487421 488250 489079 489908 490737 491566 492395 493224 494053 494882 495711 496540 497369 498198 499027 499856 500685 501514 502343 503172 504001 504830 505659 506488 507317 508146 508975 509804 510633 511462 512291 513120 513949 514778 515607 516436 517265 518094 518923 519752 520581 521410 522239 523068 523897 524726 525555 526384 527213 528042 528871 529700 530529 531358 532187 533016 533845 534674 535503 536332 537161 537990
1270 2099 2928 3757 4586 5415 6244 7073 7902 8731 9560 10389 11218 12047 12876 13705 14534 15363 16192 17021 17850 18679 19508 20337 21166 21995 22824 23653 24482 25311 26140 26969 27798 28627 29456 30285 31114 31943 32772 33601 34430 35259 36088 36917 37746 38575 39404 40233 41062 41891 42720 43549 44378 45207 46036 46865 47694 48523 49352 50181 51010 51839 52668 53497 54326 55155 55984 56813 57642 58471 59300 60129 60958 61787 62616 63445 64274 65103 65932 66761 67590 68419 69248 70077 70906 71735 72564 73393 74222 75051 75880 76709 77538 78367 79196 80025 80854 81683 82512 83341 84170 84999 85828 86657 87486 88315 89144 89973 90802 91631 92460 93289 94118 94947 95776 96605 97434 98263 99092 99921 100750 101579 102408 103237 104066 104895 105724 106553 107382 108211 109040 109869 110698 111527 112356 113185 114014 114843 115672 116501 117330 118159 118988 119817 120646 121475 122304 123133 123962 124791 125620 126449 127278 128107 128936 129765 130594 131423 132252 133081 133910 134739 135568 136397 137226 138055 138884 139713 140542 141371 142200 143029 143858 144687 145516 146345 147174 148003 148832 149661 150490 151319 152148 152977 153806 154635 155464 156293 157122 157951 158780 159609 160438 161267 162096 162925 163754 164583 165412 166241 167070 167899 168728 169557 170386 171215 172044 172873 173702 174531 175360 176189 177018 177847 178676 179505 180334 181163 181992 182821 183650 184479 185308 186137 186966 187795 188624 189453 190282 191111 191940 192769 193598 194427 195256 196085 196914 197743 198572 199401 200230 201059 201888 202717 203546 204375 205204 206033 206862 207691 208520 209349 210178 211007 211836 212665 213494 214323 215152 215981 216810 217639 218468 219297 220126 220955 221784 222613 223442 224271 225100 225929 226758 227587 228416 229245 230074 230903 231732 232561 233390 234219 235048 235877 236706 237535 238364 239193 240022 240851 241680 242509 243338 244167 244996 245825 246654 247483 248312 249141 249970 250799 251628 252457 253286 254115 254944 255773 256602 257431 258260 259089 259918 260747 261576 262405 263234 264063 264892 265721 266550 267379 268208 269037 269866 270695 271524 272353 273182 274011 274840 275669 276498 277327 278156 278985 279814 280643 281472 282301 283130 283959 284788 285617 286446 287275 288104 288933 289762 290591 291420 292249 293078 293907 294736 295565 296394 297223 298052 298881 299710 300539 301368 302197 303026 303855 304684 305513 306342 307171 308000 308829 309658 310487 311316 312145 312974 313803 314632 315461 316290 317119 317948 318777 319606 320435 321264 322093 322922 323751 324580 325409 326238 327067 327896 328725 329554 330383 331212 332041 332870 333699 334528 335357 336186 337015 337844 338673 339502 340331 341160 341989 342818 343647 344476 345305 346134 346963 347792 348621 349450 350279 351108 351937 352766 353595 354424 355253 356082 356911 357740 358569 359398 360227 361056 361885 362714 363543 364372 365201 366030 366859 367688 368517 369346 370175 371004 371833 372662 373491 374320 375149 375978 376807 377636 378465 379294 380123 380952 381781 382610 383439 384268 385097 385926 386755 387584 388413 389242 390071 390900 391729 392558 393387 394216 395045 395874 396703 397532 398361 399190 400019 400848 401677 402506 403335 404164 404993 405822 406651 407480 408309 409138 409967 410796 411625 412454 413283 414112 414941 415770 416599 417428 418257 419086 419915 420744 421573 422402 423231 424060 424889 425718 426547 427376 428205 429034 429863 430692 431521 432350 433179 434008 434837 435666 436495 437324 438153 438982 439811 440640 441469 442298 443127 443956 444785 445614 446443 447272 448101 448930 449759 450588 451417 452246 453075 453904 454733 455562 456391 457220 458049 458878 459707 460536 461365 462194 463023 463852 464681 465510 466339 467168 467997 468826 469655 470484 471313 472142 472971 473800 474629 475458 476287 477116 477945 478774 479603 480432 481261 482090 482919 483748 484577 485406 486235 487064 487893 488722 489551 490380 491209 492038 492867 493696 494525 495354 496183 497012 497841 498670 499499 500328 501157 501986 502815 503644 504473 505302 506131 506960 507789 508618 509447 510276 511105 511934 512763 513592 514421 515250 516079 516908 517737 518566 519395 520224 521053 521882 522711 523540 524369 525198 526027 526856 527685 528514 529343 530172 531001 531830 532659 533488 534317 535146 535975 536804 537633 538462
