254
59800 96208
63033 84015
46659 60700
5676 78018
70419 95313
17587 77256
39729 63308
50444 87609
25037 92091
57402 72976
57489 73581
31621 41364
16867 21249
98439 98515
57962 80067
88091 88919
90249 99406
63831 74763
11082 81267
76048 94348
40432 86496
79154 98168
14364 97903
86360 93083
14457 82459
27451 44973
74266 89917
14925 81621
13593 28802
68367 88908
23277 70815
73436 83137
94714 97443
85490 98260
50984 65024
7168 43795
52338 59656
81643 99054
39237 49962
66190 98294
267 72365
30282 51135
66536 98121
61408 68589
45477 98231
91574 94386
3049 11275
47218 54118
47173 84554
63526 90315
8374 52713
30697 75322
25622 93359
49636 53142
29235 57556
60349 80729
82800 89294
20489 30042
48329 51665
57327 87773
88062 88122
20543 39354
24905 33495
46675 73048
68104 83564
44770 87961
24177 62079
11556 78372
92901 96083
25513 93426
43336 76503
2129 51887
111 87902
9415 41265
74025 77426
9986 80016
35346 96954
49822 89554
69052 71347
50313 93710
22691 28134
30506 84327
29598 36461
25893 39922
35466 62269
9521 39222
85506 98332
59673 74177
25467 34937
3160 66752
1964 9427
60161 95591
51981 75429
53979 59719
82339 90706
6339 57076
72725 86564
38608 41303
82139 92184
71533 98199
14649 51638
73079 86244
31640 58511
88994 99666
7011 78231
50878 90281
4389 60309
71119 89077
76430 95178
65703 81370
81988 84492
8272 84469
25256 29808
12836 13205
23996 47756
25027 54554
30779 38502
83965 86064
40919 67359
12351 89714
35234 94787
15384 93206
85562 89069
74520 93112
2666 47131
90040 93624
116 41260
81653 97597
93360 94644
40039 51439
64888 85389
45826 66123
73547 83186
2502 70936
77789 96295
6257 75633
98445 99639
16713 28935
95379 95474
48749 61991
61887 98301
40152 92450
97908 98268
50106 86467
81433 90417
13356 66306
63712 96840
19321 88311
22374 33912
20598 63432
61821 84333
5976 83501
58058 88885
68053 78206
81814 94973
61258 94271
20550 76340
76641 86054
95161 95227
20602 56185
47668 58621
85569 90232
38872 76639
5838 75949
76037 87162
17523 76829
95694 98785
1145 19303
95918 97696
2173 19886
63619 90259
84190 93713
23244 57292
88355 95610
95825 99752
63385 64785
48874 72043
34543 89165
73716 80451
7849 23524
44519 74635
23631 29624
96646 98776
75938 91653
73834 84657
69204 69353
72962 78389
66435 74269
60837 67940
21914 46555
23678 34442
27385 75756
51866 54402
62274 84524
30036 73933
75207 86163
26632 76915
82459 83924
22759 80230
56994 89964
6423 90455
25692 46289
63614 75122
30634 81568
65681 97219
36063 79341
66626 71864
22033 41769
14117 42840
27886 46952
58784 66131
30650 56288
30902 38960
56327 93958
87150 98130
75407 91394
51946 85496
75976 98037
72037 79065
63445 64465
1147 51483
25062 93291
91961 94580
9011 77025
42326 90871
18967 32647
29491 50992
86325 99914
11936 66155
3546 76419
16657 22377
64666 83614
61988 64816
40122 45149
71557 75294
13717 72862
34695 81479
67865 77173
57050 72030
32737 88122
80200 95626
96570 98500
88276 98024
44037 89990
61616 99093
34053 95874
64598 84385
96564 98850
53690 54881
61366 70644
32165 45616
62137 81190
18435 40986
77275 89613
