781
636685375742508100 843477185282400480
387167475639904684 792231933704337175
319134547264180893 530906846794568921
964397968876006787 967749819762290248
50420400949801683 181068411947531318
641899373092432572 996993952741709179
339816376433945317 888620576528980803
222823221000938608 285108047547412948
419009010303904879 783447546633583046
966988724155646224 984668304031884848
364031045010646819 444223700016126878
765003417938773655 792458695148256884
726554715400101365 837619017610729326
37789558372850612 583224613003860416
654778375301544143 818413615737524912
9491836624011103 458279211132253061
84794967678493653 163391263087890656
173378362827636616 753702044056542980
764705170391203443 810991343785637232
193986066970294989 993195949855579230
427724565686977901 613405442524322919
460119929879549763 615956707837385319
757547528295190220 945491382947577776
939755773929501516 956906997174640809
755831666920101595 875473706116769156
577104263248057055 581045316553997506
879436131366768448 942439244082313909
606677267216626022 812016260861924424
352468453684783198 995364288612988514
93539999129923287 535982780753045817
612838521381716971 855136559000272986
750975010616976432 904437597418683330
213109676432206393 251705349391934122
815277679905423124 818418512870616983
723050377771743585 900631805300430284
186939144065433882 862174245781103457
602976061137576197 623804904247423332
199707249918975407 898596742963651774
859422625382127753 985164968230452862
538819408853596316 974568909503062980
801864073791751154 930439071195492919
358771536161771010 918469495628193236
579201037188471888 613766016631892641
957140044643997916 999599861939558510
310850406359580354 512541030063180324
359237536169123905 372492729777798229
23401354070224750 742019313178181538
890939503799140938 993918167625406209
590315158140125650 647085693739025171
667015887209166687 943629719471784796
303684334724278302 755927650507326749
268248017723767298 898091638140139222
332718043155729299 458218969668402935
200233542485722343 899517063249651132
138791448604613168 732021941675689162
164491047165636759 917475893817664496
556509310590050329 562590909476096162
949175730313741616 962801778155767722
707271206027532099 750334539671454593
83224412020449033 696336850663045505
56430775766251108 224927871475981362
528152701960458297 629822843270463600
835807895549916051 900997179472831469
967797023711024873 979035421672919274
96538522241388678 321986089809946686
171301859666236119 994674395120758488
198446588184009394 299967506899913036
416635120488642981 944038631341547703
762067489882777500 771378145418165222
768666076172943465 799715245129939389
552700008227724989 857807310854588163
56081947831044165 418676985549053658
853351298073411690 858126245607120393
645545287763290322 717738893501049597
994546386037342543 999849420731576838
669313409762610819 708707291430593112
606099718620594677 692483071420944205
320788002414676478 846138465828504742
945081648846338285 957249294815425913
111657796427970274 582070937489850189
541196244993617814 762274730346888510
294103984468065441 494357120777123167
816891545181813543 899275934505327179
545839397256404213 700222945668087363
406924586901093706 541206675164597494
530081955483910559 658180838010812749
547208253583827599 982154356058351053
516733415381294941 693584153887563879
398426191289098873 919081915663353438
352621936746025007 537548116933941295
30030234324828855 784051536728442227
129659125535182304 232217172229741049
144273832795812558 874642603717073256
947989846976729569 997247801567126695
407067735990235383 834023459237730388
133640220244540129 856381705969995977
748767337655674467 767988508385834172
243363055579396458 517136531218684297
336131327697012420 581759138884826615
484910231267902247 872831751834516807
188451215681456115 520376893634615493
228130266537480776 901740196811340108
131657051548455538 726988678677377987
20424104549412373 340044154894640816
918488820234836302 938691132327794366
67361437004253285 119707905783862786
200171539380733471 450131555737011046
878284682730466682 942608527979320778
359349944866082885 597688666445032755
201602925464993378 915004815336403225
840869378911934309 900128480343369075
841585760375992533 981788197526027381
464782277919871783 887828139312438422
950762071662058158 951908990795786470
309026916892461730 916547603047019751
771227098254877237 806747990609407657
579705439773207543 595853414155524446
867691298138443584 897753906876590238
982073103706984400 988690708225711172
597606860223421009 939524929318608159
439354107427315659 923503469902750575
87757933836466363 234034038187709858
693994741905199364 767641772863041158
135876534048665370 829404495500942528
710653601983780299 989818524539317195
806952243192519933 815706855584127730
147709244677090291 355055230521894258
833158903226554629 957771768655310892
690662912533401283 895624102548312462
625168964969642737 635862281173984214
994218557017339158 994958023549208575
175956521871872558 329864418488590129
647507453408833007 994677452128512428
814521233803638249 929221284746230821
377843329514294720 646187810017586058
964820740670114215 977581337313455784
262513297622281117 331837040707134374
306521529907184161 354255285162283556
11522129790467310 44865427819050080
362554576678184619 805961546643494516
42981526064961794 739939675912058733
593086684409628097 916739736716180143
896665956388216692 942199116513747056
767984696702981766 805872271088034733
421888786067788210 472705238601355663
915999019882080539 961905220570351459
482105184037037881 784428998743033658
484682458628286211 748858205958026687
900725768224480239 905470310565064977
814591563685843325 965528552817644849
778864708963944475 787842480498530062
396508672832049540 443830977266450989
35874078890879555 375177252799470720
142308960725286940 253489805004121592
980205499130534630 997487615520885863
723529507832428099 795186131919863236
121980168060306255 270349261626778923
349419582847317660 616247966175190324
999704655887315568 999776978947815366
280980815481014277 371037303642244487
533929830144760354 975985429921168048
957003854266756772 978037382247151600
174883573163607385 526432559222011289
517647261272704489 750572024769710935
905966213107221510 930606006313539948
900195839426567407 917586985565322476
102695595506531998 795286720419251330
497574349546860132 926059453785305831
270866578709009565 569787698537256180
981145675667731593 984823914360389666
173370842034553057 843424027773205365
112142708391792765 494360104410013926
33938209711390695 105272664000334675
561256286501099396 752854715199642552
270450984956906248 329672513648048860
71697435591092472 862654743718432245
919843786608468484 943002169481873254
665578072887776590 907566995997959312
18373652489351870 918975281164156138
675721965543280970 988768389302675369
735149457864522219 808934329765804735
342854361460633688 698241911028876791
151637843094380755 403465318341594246
428595068674546718 788794950613781016
522524143344539636 768272593294879806
674413870464452024 889336087884223529
498291412877681656 655067101648194691
898715684672065718 910414605661620736
807341082081607741 979919086861314823
297586051678174927 522074460995690421
384584300617724801 400526810365684287
246993344038675198 559319778909845722
227903280908398419 455657713807588672
835126891040299225 903060100390289347
921977760606408592 992182569933265417
674542087140320933 852562605151273032
191823732120399699 542797436605586951
364528729710870834 842094714233327498
951374920606609605 964428651914185815
168301044398301804 876549277467264026
142006913465291371 251778852722243902
23517513694052646 886510303204384172
326071567200379011 934985716163225457
356549038773918662 910549683307071308
390343973636674304 728369049047139339
201789505536862090 585459890151754136
435288048155517606 536944877056044200
545749958849850058 673727790542433710
311211305839592440 419879499679740975
385472710463602355 807326593395523691
2602652975024165 169987003129355825
846011956378322811 905976996431336363
832164152848915470 931759622767644377
316420990653115063 891107734028415665
50180195706622482 813795510625875776
390513998527076094 453968023330431290
663149044796984765 830002584059761895
859187951522957696 957113709744079072
73831759628386018 576093205662638849
755590192252322497 957630980807609756
186306458740294407 961414841222730504
805619152308148921 903760825857604828
845074469703493973 972538229763527860
676572469999685905 902549252833697568
141691688639665444 444963479450747368
974472090509355926 990631537484736983
140011020871410133 396566174065616584
239368965190081209 987436599296207849
246215335036909261 620591645078410049
552027594926507945 594913356184819944
88414141591807450 923208807282630168
219427482778605791 312962498145563136
770742953817444553 959203552772707945
987444657423017411 997365814304241105
642516184476764914 867118364062730772
177064876325887057 700369006698089379
583714805070407553 850282838124876616
913814725853962131 998846936690778642
63850459427177016 488579111915646157
463940597849730938 851876469368766512
263813745675883773 863466714541916168
985193658905977834 986739519677654722
58332088612543313 108173365019560441
213588082187992038 798226141717844311
808402740867653380 899708517088216665
548673151221356589 991519195971255017
999121105643926681 999820236139987634
207582838176257911 903684126526093241
953285471799288789 985449631949173047
819705948905806025 963570139141598102
526671838247930773 902898459100909627
511699033795767099 559010758622573114
826690665814906192 931107282252556026
281256219208552203 949678146725706203
994567886067382224 998458209172660283
23182001060368319 653661556588008260
583841697421821695 771512846753392666
413776307099652845 660068897164678643
375530340515147839 961691168530331321
7003321646765882 993349050892174466
285868306653191033 767468528201354899
193661889657991529 610260361476780522
754301938717459425 876197395053907870
835851728518780055 888004690772926653
422941111935978225 773777880867009283
407923914831334447 466926555485482836
902037135443731608 984313400912336523
160606348874188744 762441303782118089
681733245567232288 831657354157135098
979104269514036363 987094922038844717
554194211882610253 637233656751121941
792215005955308514 948966725946975453
136275952434264501 609038803171782378
878674691218167991 901243441309931169
324343965759665603 792087744586312859
320192951373050751 782396016104566762
226893429082305600 594065003549888179
189404487138008802 907486318164530383
259340612840246905 294664782331279008
384781974834916919 828264129724133677
879618627518761817 897775291886564027
994566109879625195 999474878585891205
940402392973577387 949282309554370269
259559395054104654 702236073647973411
611573553642656653 704206424359278059
77155962448847643 593545629247299104
789263461568713716 813445638903454682
947101764057430249 958347334255063108
43982011540654625 968924083457089675
568331137857213152 731056187188893697
863494187713630225 962115439883988876
160885764545005269 784435183426053216
433000408471637607 695729658696834674
750057979679869855 862671148212607833
494575018722230844 855331994064472862
671696199123215331 715654676966745388
17879034255196715 700284654643519651
424541476909933182 950835335259351713
330058987310145127 666317649244197713
814911922856339273 930535308041516810
548941640488551792 588805458070786395
761636264165624227 960997518436777250
377788127008787923 427769656115563394
980360753122764920 990914860065720019
889163028433866486 946562778162726168
980640655085118205 980968653518653086
537780438193291031 626669472177415395
765664520015570128 976596168473116506
139936638923051820 551253652484983731
16869928715589780 577194130603441857
786523737074320466 787779219539219756
149652740282592515 394994660078719944
984947361105562075 989490843134220936
9829198524776618 639109565982738773
572313397228605159 790350711619932923
169778067083156101 396487469353091883
689752900928673403 926384970462140743
553529421122283350 876438892477524591
250150411303386434 593574792416055562
256040574348996430 856790212579322493
105387248571143401 175300749201593593
615263293861861433 775553939907824812
79716026343103864 151377648562161222
405704005311105603 721747819569095232
292012114401452694 930708137689638700
610698878466540946 785971755168858430
905594940210329738 977098200121918579
178639523972478845 620604878474195021
848408048032051525 957435022120393365
580981432778830543 720121298619009628
688663381328504719 692279038865120801
177396915498536405 702222006557029435
727000899349100405 856410778526529768
855037894749299460 951775904191767540
79003476337202423 528235121879058139
275764187160547787 726025811104874612
783806735568241738 829247619032707625
360266105981610164 661128552186646495
672136031576345076 866177768709905340
164030546503466296 208953186234156351
555453933422397222 788736508585826848
62184005711749275 449199172770932102
257526571632041244 682543728841443974
739302099514311888 818980680873149116
446930433275923346 938800344443081941
716997913881068639 724113502472984274
178326601231103580 396269994490562717
868414192014006930 877850847634379049
209737019076374889 296030049862782041
880032002867415510 954388367867131433
357733987337135275 935457924734344589
999220703047758831 999812447052926876
35846347116545376 190427080780625466
245138171639474978 523241003519482336
256053260862691339 821254019654003677
509625596244944434 898941720335233280
117680588003612581 409387521459270405
682897315512444912 907546930029356731
628872414020553474 665529459139608225
616410481934172452 728130313155204259
394996800579010835 438764752310430112
275494276827840354 761833293159212488
175362039835110283 729847456047908556
980786990526744668 983215881736820463
963622703846682773 989443216474681134
429440754868309698 528410356339651142
539735762502749600 824952797043761601
51244840404544692 520529697872127618
155471321934881370 659201596040828848
183116242161387267 654348426636316456
744499652638155189 746142818463026541
900131552249308804 981674694314835764
170230383473695179 570028862491483629
481817214381233508 847004552344015074
365010828507897347 734108095050475745
156094948649962939 735677000512739982
422915750424752837 767180998782139398
703871013052057344 836705507396612607
207609460716832738 469963578967425761
592901266740969708 697223077645505720
23595761419397152 648729815311139688
913961669518339709 921603284463502294
60616087083023855 512737984372659748
198860578797920538 686517746535965430
620991288126397426 697024657550501094
872126719910707545 946452021203158035
66828247492882892 928523498935938420
431322922142583451 801549454099521109
117169331208237027 245910567889829008
24765997774372350 130358386657989868
587160288130985043 892993002934417512
405111306186033977 446440225203933659
875665667798635081 902013674693526741
76255953255689096 773032139609434198
345393250204608033 369234184626262550
562387738377360100 877506656326018397
265484719114284201 590694340886671288
394926581948252342 727218342324377773
588134175108625676 793186455608900072
900282682873935420 909225967641039433
472996051311471368 960855993121571698
75540749104089822 467487115631916790
193765708062160008 569384797375128966
462912573886321708 736084423899451623
896481606558155556 924014255906460123
967335531504548465 969069069301512317
958640732249969392 995738950039238858
830279180849059939 920692971349329265
447201655016626335 676929554360114032
161183306702554418 826179777184581482
211470652720232091 816178502493114885
993962048735886132 999787200420706122
472965738141383815 560328075460451301
690560477321529710 764321215858858061
223460855647090787 582990918545321959
837186652063966243 919725222560655922
13542234028077915 738531467427520421
479874338401356142 595235018404935603
899236311428534363 980254411601275421
629840465245510214 785093331730998150
852640836017986350 912467916046897927
25541492213135120 556345154799571687
318592560681614563 699883344794366354
697449030586310356 825970132121323025
495065524331939594 859246903068155875
819427527241738155 893764122001676623
419070630808917066 514615887606801168
435272709703262637 496426718829291151
869930115993922670 973628839265714628
385506590483367633 495276016719318666
84114894381894625 600680281040650329
155169447599129992 784050299908932166
701137793079544416 846754173787687721
844312174188978292 884880480909283868
896265269283582113 956126279679628073
367719851087780026 381825651565878792
520424207863392191 520893252450525994
946972383541697874 969472677782749595
63856025581370199 638840188674615966
961362705665045114 988550820851655306
264815055313997152 661087701904804547
417896399332613620 728975210008267385
743312441118467231 870678366528584453
855300988936350489 929923985898729544
152072924239898194 192128796870908912
474818692786641749 950601730460460164
855066036469418423 949876167615253361
996812475110059330 999053550542575246
915155996069596579 982203212752658399
436556712686489164 776038476042790374
768090155088828471 978268884640509264
691187946203793227 845382285984791498
311187278742119117 568514391997491000
507490419901967099 738656301245770573
693803884123972974 976261797950244015
899865739610966745 990039483342327264
762079061366028115 767932132800988048
574434285759295585 674299470067942350
729355210512799002 871645637920548407
500247214518049630 700136976208722805
604589525503523256 842954774319723290
317677057673817520 995255956622510900
953311927863623692 985727548571243662
952250044341883600 978437175300354375
688194390103469978 748132889781605440
266753414282984133 554001694779247942
23420384981069153 878327922238683998
375976719786158095 763669236577386315
129370147737319152 388521904823509400
436044472236466419 440683089520158143
110413499934083839 985723146745485384
868060194722886704 998060333561329767
486131438657610160 856478318453581402
160908423399656318 189725636834082979
279243323061992509 992837177799953344
446401164921985162 495692804098268675
177057482221812309 566690903622353679
126710362428622422 555028646413625149
810408132132997075 822262282611612570
961893803090002597 970843905108086708
720196405415750039 940382580906926718
244291759776376652 289256832717694874
87449007309328345 390960262309921776
917999498865117389 928548931504743580
980244704730341965 989402214287164173
245413852488937739 879097495213012657
582213294606209061 683080094112668244
424412079860609519 493535413342090655
591047644934051037 987386967318520546
942431252850070119 947306090574287295
279444257169160474 308302361171932980
454696937288090689 555812301767151702
914379054233802356 915048280712726612
506273423715852817 640875767501299833
553561411285871839 646394823270451812
123288082562185894 521065862016187491
450384981562683846 905073644098623111
908110168869209815 986869896290010438
60429853168156224 484997595670983740
804620405939436975 854283889034782667
230677806414867390 729282401358450195
284422978911473753 649090146494956510
80587192548678015 279479666909493439
883142008673707896 993437304710798967
803628576532542705 822109868111402305
515232689580434451 900014343297240263
664444218356906312 798698701401733762
897430512985206252 916407135882011698
661313496407232375 662268262248333911
927193427932861236 997347245968701135
945562839197362307 951152036240772839
548852877533508263 631412683521550684
662910112743446072 729614503216801543
472256628789807798 852215903308762351
847126437911766513 992073368463948444
525204881954007912 690377352490493806
584996697409730016 763624191213672567
793260478414196785 935382681542033902
763958308339063721 943100447945325727
702693693638829594 750788311179257860
115499968459766675 118607004222126268
631056069554822060 662150297472982149
265382995833009671 436685965014933374
775049119682791356 775672081806292498
806558704696458520 999394857140169895
46707285895808248 665166426002631078
497466892391700863 967069587998053366
323672036923987657 504275254391460918
576333660029192637 617164860973270850
425789216396820372 764401635638165803
197701647334183467 538099676876975231
900708898499565950 917875499520875022
777736432998777650 994344038010670339
712584565260663006 823377858008991270
898592193520375246 920949754034154647
912707658591820209 942563316720368590
998860695976594939 998868190663555011
764631219810159374 902601725075556190
525246221917124032 723640613539833592
98924085118324344 627461053729368632
463954186005133249 809599595146356671
190586994763723865 831979892185072496
547878839054043134 640984139172993617
129702569547221014 520398069712402077
322283156969982375 497765593823956290
433196984464139335 502330707400669700
39936580190847163 928340518281365290
331233407011561075 925385361120832773
555514176440288883 919148720807900931
47888929569660456 827059215031369524
234472051641187919 497640903356930836
783371689649615492 884676911550280132
204004771851605367 883578730069676814
992028269963918058 999448442386204937
214482918421986581 923117252451006928
828167254279635365 972187126682592150
312141706956511053 573739061758776984
945277138787876370 991135633033678936
729940226440276364 887769396084631589
793216189314980275 995258663137479168
187024194446658756 390780257412799958
534064720153832328 967021502253946851
735544292546302672 762817331200211336
200953821205373842 606941930809398909
438146972975117632 670701182753995807
410570247280271590 681168976634031484
566599102668443893 823823890263871026
751844678500790793 846258024007914818
812901426745409334 854093116094000590
570191518243779583 622393213582661784
497037932514518893 688798815117201986
856402500241291226 980309690501746882
397609780210839135 751416080238446365
525021550191591245 629449871978084290
551348705760587145 946014890888504622
720755147725468172 955752358175403585
153620438500093109 708558493335256821
692456047437203574 751247260800714362
181848624414022838 672710329108579219
891749197686797880 907178200193221715
822120540906188984 840856099753418066
380255701886005148 972041477351733001
434239034148913641 906699383954835027
422984552218724992 505046140251704085
244329159022227774 511011169127848012
802078472818745583 939941211238046775
626880192479207379 825653053817042834
290092824886114918 419763221965358309
860621158343112971 896203219655215817
599631033052976833 875611599757760605
760310152621699494 923422465988934897
840366040326702291 855183077739154056
367600601050292196 551037259411644182
108675071414530682 573700440730587500
409143139129876866 486357467390841747
927476375879817174 976947275058123024
589863476891167177 853092823566385542
950757116498079013 957172978733793685
63725945188036081 332248058381959364
930046077866842044 932985298557626981
939942495677083945 992415825389937969
185624581542062035 331543758899648999
711779600096201340 794304187127859278
633969276196287864 701638111867766007
890366461745325522 944393057060167793
40299083328587049 353118228999290646
377779739649756171 407177647905730476
575488354050214409 743896611143441513
148096826695317072 638703740830551300
428871089043309623 959791317148401056
592332180233836861 825992147523751619
916332086743721127 988853126462296724
459323257769082076 975099582047190333
147011961409449605 562075819363597896
39290879319783580 818889957329858236
87252117189655793 993028125472877492
13213815731729615 273251710943530747
851211052405935984 964957927639862367
641653860151162863 788366258664974021
726350346408792144 826804212780276115
91016965404638015 349636274584812429
990832632709907128 996380332524979742
305300469259962524 344041859565955901
323297775670798094 488445286001114052
503730822358500529 659932146096514491
178965542462583084 813757280228686135
415806123819523666 683019866309256090
701766274007196184 961459173209222920
136949051576535769 403311804850248733
895435044515112509 909063704128364544
834433118797078442 851337516863330188
964274960153566454 979991191698776211
418938482818686020 708060139496322971
317626912963215683 700736105107779070
64794411483433429 862575248479370697
159279923168052420 377359841846799453
902430162403328259 920212813246672522
536955954814387763 816301250666565790
761646962805338259 994304779872827095
299840253933745194 523396266427973580
759637540166115471 990774091854570747
105566029174978088 490977341831356189
382256564319311645 960720813011979668
160756488285307965 866489270113936752
904776947019628062 993652182096802704
524140631634446966 549761765471518135
401246685383599743 821651785016134748
87190722806766063 496114441574805068
764755682546306753 907737467492157804
850996477722799235 989905417748801226
176003232350069750 302954609704404979
298275232786425617 779313293276399756
849725619651265145 964950879208718310
376042262709818583 998583540258860378
543084229865808462 691665272738166945
468334247100205398 860981641970338075
206215666295534863 579988036646432922
302996802197887047 714092188367612079
34799397520977731 517436807735577844
605396538253171215 823229654709737095
714638012835513207 938903641902259780
316589533861325829 515753969478561345
955471087423267547 987763288968465862
332111628438313933 485676223365455034
30055626498898802 336264818042209640
176460740330562510 847503700842091125
818441255702747176 862105922625477422
983186116665188608 999821443510648516
568696779663922249 625390551422364389
188161260498817780 313937333506294918
152315817650054040 895420576505433349
808835784121398983 858913177483022535
293217959411336405 471804321401058652
486585830890296477 743381518054651444
289145543931126884 681012489421674848
391820291781105067 488553620122440459
617483126559891891 917515350912696056
663584111642391263 943873189148629923
321160712076650348 783112930648417810
47099349438385005 90589573659192203
882365732908187675 922601914934667133
727875251170544372 737614694182136887
856454904524611905 945195128500552667
381926461318149923 684278469062936564
116997878711509761 697958275574793062
679241540499522252 960284462611662164
331894586562790066 969022972390114277
928664130249695721 985079178523976444
196804052460039556 909068494662464340
609091002705512369 861639873900017671
789687684422938713 793314698846311163
70138403757675824 606903636127984374
705783184153748935 774558805861524836
528113495253682134 537369298064957999
251657097715742910 663356432247919914
535842550224425766 573333615393023798
671134409773901475 961022168182416669
831413153032439908 935212943805247718
612139719264439744 924376034278515042
986973330864061500 998550420613540345
654394665566949181 720042547744349891
358081481009181261 569893157173694668
848579437968346143 940623799118780099
563314469195268308 626739111927087150
347104897079074980 976717647891589816
674417613006224635 984490499652543265
121443745353233645 212280975367230516
467331566366218002 634211325176170975
74949379096528047 570771679154278912
278472371680621814 837399538487368756
496704396449367981 857668854553099342
91751571006956493 975152423396475529
469922868989608680 983985915586873327
279060857536636340 390863311610193988
741311989815412801 861273594300794419
794632387296167117 799474757957426888
912096948430343519 927615032848547430
504558919180765384 752565989258585375
628225985438116193 678379400509098887
896410017894387715 972934363495950175
164575710837553621 790602211209362816
275770643410457769 759564924236895627
921107248192600041 991005052976959299
267305355841246813 472595912425084886
290114788624313947 820485871996145654
333501835268082272 921204120468644510
106234222820322433 320818230102852933
235550932355104697 794308029811683395
102352203624320456 972933140169214165
986486538019295249 993390541060902886
284924737278595591 950709734443351508
82121399858804028 884514905074236699
307804992110334185 859461001222913318
272149419948225845 894927535141328521
355279475506552074 719001229220152825
261732039908231005 631642453668112086
986262203886564088 998583500948820745
645494837959129617 669471854749924560
426030520444784344 528744918342866547
985313909277297802 985948681797969830
186290398652482983 500639386312956717
509109137039477555 543255753700383499
69333498146510207 509906250429343644
400631383943798 423008802645503017
478897088574509750 671937101731881795
688833104640258649 745000189905997052
772454388630190468 912955290872281161
787782394922398574 928803683534086618
136527131778592583 670487921149444600
905223565008179780 944031208954083513
557986396631572665 613928783588182876
233126024892792856 976767657120275490
755145389166044173 847108346566091285
12956314187113788 215171641888511647
10786449800436369 446009247608194214
194719247467100607 981392681948386419
104056762943085180 261414711322802624
472930482671558910 782317291419144204
246378289788915029 898823379106843039
876301649206460435 972060304173010772
73806340642398183 834533706204480467
143898025362781176 519915642234131330
123290373167560454 739382623881537932
381015872212167906 980028965123232592
573583991139472159 984499878423102529
926372455315459306 980520759969792143
188053260424016322 747678181715752816
30748354566683327 699918685908383830
217187896227930797 695906278280351285
299054420123899977 625664098013824578
892316787820417132 931095258013082803
956302173687706023 993250575885479836
395609270938192875 827543590204146599
549014868330793374 586371693824361110
700940640759335191 960899380749938550
540734486705325530 734718903407610161
150188487703655304 168238060217978175
284527922893265005 398335505804267770
247980105270388187 933395376168060941
466955312344135414 866804830686989122
573827522456699244 708561032537055524
