711
35551 73673
12116 91273
88522 97255
62475 93977
30449 66662
70453 70640
6364 53866
63600 97338
98903 99677
16381 35209
15095 89668
14904 56863
69713 82770
78813 83466
17506 48534
83865 84349
65545 91970
15783 83141
82350 91942
40946 85526
86475 87990
39168 60349
11276 73015
8490 55802
58868 88325
34973 37968
89594 90128
68291 82874
89954 93927
69702 91837
82360 88169
78392 84956
99526 99995
41391 87963
87385 90477
5756 28228
61572 96592
90852 92148
37149 83339
28231 73582
80764 93903
63723 70807
25263 75844
37115 46887
55833 58923
21341 39841
58826 99788
53640 63354
66137 72845
64746 66487
29597 86985
385 30358
60267 63542
88289 97322
69487 95647
37530 52817
39740 96423
27553 45072
39435 50897
12877 74732
68573 92109
37144 80372
72583 95370
52981 56667
27588 31975
39369 62564
72800 87625
84705 86133
22932 40467
56920 79237
7337 55472
23578 74894
93316 96634
8615 23773
3790 38592
20308 98943
43730 55359
61729 87447
81867 94954
21773 27064
24942 72350
41122 75760
78709 92648
91424 97845
46999 64230
57467 96792
62171 88279
87123 98067
94380 98180
18536 96585
62677 68893
73920 95173
16296 64111
81774 96824
84343 93565
232 60060
81565 93990
47279 66611
29078 88241
60814 79198
28588 95168
96463 96497
78880 89171
51244 83267
577 94657
53357 85677
60057 96111
19481 41830
41652 73503
21242 97831
65021 90661
30804 72310
95682 99897
11878 35333
48582 53189
77537 80111
27191 40417
48765 62830
13069 88556
77682 99502
87223 93576
8766 51148
20062 44080
28462 73645
45680 79146
38141 68290
8567 98664
31798 58308
70386 90828
29645 66936
85156 90868
35281 92203
12579 49704
1654 76332
93004 98814
53025 79800
74813 98642
17791 24190
19059 67875
84634 98677
57182 64737
86897 92942
88615 94862
10814 55070
8391 21413
93568 98780
55396 91986
39331 66577
70668 78054
27521 44200
33723 81960
99313 99727
84518 90201
90008 97777
9707 16682
57129 86542
42445 98955
85608 93696
78666 95914
17344 67981
38676 70669
53379 72398
9443 11256
55907 70894
68961 73084
84169 94878
54298 54809
7300 50502
93208 95987
41522 48319
59238 66012
34955 35352
82038 90115
53495 88980
39145 73900
20584 90616
50341 58813
49926 64164
74738 84234
19339 80095
59323 78251
80355 88462
26978 64174
11828 74188
67944 71824
39477 90634
14949 67727
45274 87958
35778 74169
32228 87391
34900 53488
9246 24150
3302 26353
90923 91129
62343 94778
49272 83948
52279 53300
68336 73175
26964 77136
24905 31130
67103 85399
92154 93741
684 75667
9450 81321
41416 56366
72793 98482
62309 70407
13536 33629
41676 54442
31407 44195
22039 49960
31177 49106
74545 80825
98761 99490
99726 99930
75860 99004
62025 78896
96586 97634
33746 94287
16355 48500
66959 91328
61437 72694
91834 93838
21861 22254
76351 85130
7764 58640
62148 74667
13258 96404
9418 47149
68418 78068
98155 99120
37071 90373
40308 41947
86194 94460
5825 20907
79764 95208
89732 96265
89618 95934
95078 97712
67584 89547
33852 33885
89292 98234
9608 88026
78379 82133
99413 99631
86063 88989
64905 90169
23553 97818
95709 96934
25782 86450
9175 31367
82040 98639
34306 92670
12798 29118
64725 83814
52549 88008
98728 98730
19108 83008
41647 47229
36296 84236
21140 30307
57692 73589
70967 73085
65504 85723
90892 95505
63136 97007
68292 90731
39080 54839
21370 72632
9306 34852
11250 23447
2575 50034
88763 99866
74526 96111
71784 77927
31178 94833
14079 18351
277 42195
93447 96441
83534 96657
33101 35380
63731 74367
44413 67799
76059 95106
11982 69284
86933 93964
87204 98162
77927 95592
97111 98340
97210 98716
51027 77923
92486 97762
48809 60513
99922 99991
88256 92183
47420 54607
25817 35274
94503 99565
45445 65258
15414 52497
19637 68650
15981 53627
66139 69332
86876 86916
32827 84710
5673 95790
67623 68642
21289 33465
84233 99693
77881 81443
9205 31507
99975 99991
98336 98772
90543 93351
36517 59838
69785 87732
15317 72526
71207 71982
30689 91551
26048 79099
30763 47727
60901 69163
90195 92750
81526 83778
33322 64170
78558 88463
97706 99794
84318 87348
9504 56219
43236 99241
96473 98101
91042 94939
43258 94852
66930 71783
17400 22243
63506 79782
58187 76204
24917 96528
25606 60944
28713 72415
65628 89055
20571 86341
97687 98240
13403 69214
28615 83421
84667 88450
29347 90341
1150 23677
29187 36004
60157 90921
75860 93034
94449 96315
34958 70367
21539 51012
50460 85847
83879 98725
68931 93573
65360 70715
25905 34493
67596 70136
29763 92638
53154 64072
60682 88540
13425 23666
10752 27438
20827 29361
88783 99400
96175 97763
99216 99432
59337 76482
40097 61999
10592 87227
53300 80396
65839 86688
66619 90141
41040 73849
5517 78910
50075 61987
36439 64783
42401 67740
64545 80619
23393 71317
70645 72063
58126 95198
18756 80604
95022 97411
26902 27596
53479 69869
33950 55445
6032 84915
48659 52894
76697 83164
66466 96444
18637 54712
84355 96065
54619 63241
55174 65707
71381 74765
19671 77759
72622 76244
84273 92255
79763 93693
80047 97718
78538 87227
34337 90390
2117 86272
16655 24124
94384 97332
75753 94511
31746 70017
7149 72499
46840 53642
38946 76538
75267 78177
20435 34724
88583 96241
33711 71033
45940 92688
88676 92328
15914 18625
37061 62746
71001 89597
21789 76557
22047 58672
92810 94054
94811 99658
93032 95759
20769 21206
64795 85880
62264 71233
35923 40053
49952 94590
26474 73182
32263 84698
27995 89803
32211 38550
93495 99526
78997 87600
31769 98540
22079 23062
5593 56114
73850 91952
61533 66867
16222 57786
74414 79664
66972 86011
43124 76877
89410 89950
36361 88887
54730 99699
6015 62283
30693 69142
11794 80064
49516 80716
48657 94360
97321 97727
13216 75012
37365 45759
54965 62520
52644 54866
41207 80484
61518 92626
57004 84001
55246 82122
18668 59310
20779 32771
86613 99524
96091 97896
53792 94202
14916 82123
51679 67969
76172 82621
6347 71651
92457 93133
45476 71701
19906 25588
9438 28058
12876 43848
54973 99028
43997 53954
57017 91023
18482 86076
4400 59679
87909 99567
28322 93975
56801 95919
67706 84383
30692 74319
68316 94237
51386 75620
81165 94481
39248 57605
49250 61436
93103 99345
69852 76270
93127 98415
56725 92006
62506 68509
1586 92338
61044 64599
78186 78511
28715 45970
4790 40459
20521 86178
16462 53051
84316 86081
46026 93952
92067 99588
65799 93045
94123 95738
24452 74779
56205 77124
6163 45251
8690 18089
36283 48783
30478 49850
62425 79452
69858 92468
78313 96380
37500 95163
22690 61301
49307 83212
68014 74181
66802 71506
83171 98025
8125 47818
27499 36184
79353 93215
88557 99082
48628 87696
46531 68918
81367 88600
73686 97731
47526 98438
2090 69356
53030 68389
4363 40772
7432 28295
36978 42255
44804 84322
89712 93182
93773 95402
38497 84060
94898 98809
57200 85901
72323 88837
69777 72679
47937 58391
51273 90722
12522 87752
85447 88598
88887 96334
12360 80518
70635 83042
32014 43680
37854 99904
25912 36781
74056 82098
16058 63735
66814 86447
29127 76370
59581 92153
7452 43646
60165 81188
89638 89957
73429 87519
3680 43769
53941 94884
70947 82022
56638 65985
9051 16580
13690 17513
66728 86756
5913 51716
9255 73180
29559 93415
66284 96152
27774 32937
17455 88946
42660 51553
93882 94204
32473 53109
86583 86968
43081 61973
33671 87955
35106 68420
51474 63061
22259 85196
76669 85672
88485 93184
12238 41168
75431 78936
12674 22933
50249 69295
94826 99371
19176 83726
84032 84382
60060 63714
12147 64204
89593 95958
31934 66564
2133 95800
73926 86046
46648 78662
97469 98205
13822 40786
68972 89294
45150 90394
45034 59266
35912 75370
12366 88502
68492 86398
75938 79148
31502 81594
85771 98678
48815 53163
17651 99139
21994 49677
29703 97758
42267 64256
33456 52393
26350 27558
58892 88512
99946 100000
91966 94822
63374 85028
34676 53445
40161 57883
19038 81176
8786 23428
92049 96057
31393 79312
85359 92052
70839 96174
38533 97977
40651 78635
56932 83867
84841 91311
64432 72232
13203 78136
41790 79662
37094 60916
87804 98235
38237 63991
32564 86732
39369 41389
96769 98838
12866 16349
98912 99515
25996 56455
24765 29471
33975 67276
51802 62300
3686 7985
32148 74274
57835 94247
52339 73710
43059 47427
71176 98340
46042 46144
71143 90467
92705 96455
38587 58748
50322 58066
23215 69932
37141 61329
37023 54085
9063 22762
44616 62088
54477 54973
39176 70924
21302 56426
6642 65842
21873 48516
62259 90573
22114 29418
13309 20733
55494 58118
32118 34023
4084 60298
50467 88001
52102 76234
39703 48923
18073 45827
96041 97195
40461 72410
64211 84060
87379 96458
50610 73162
41949 42672
46893 86199
76452 84537
21136 40306
20785 79851
48653 96161
50585 85401
62399 89869
25773 94519
47434 50717
99432 99791
63584 95676
53466 83282
59784 64326
60601 99614
21797 57725
26038 89453
94157 98729
74103 79460
42050 68439
24179 52331
73557 74916
