687
73126 74530
15772 76813
38562 78529
3984 41616
63919 86059
52118 60711
55392 91727
41850 49853
70024 97158
58104 74434
70738 79389
89447 94003
20069 57528
14529 47215
87550 87689
85800 94646
67835 92042
60562 89512
79146 87919
30274 35299
89505 99386
59474 89150
74760 93303
18613 52844
34213 82317
30143 85128
31931 50980
57585 79832
30607 67514
22054 54096
75542 94628
6085 50106
66604 83120
56687 76542
94363 99999
81174 92104
54802 80288
1911 46401
77632 98943
19752 60078
63557 91008
12380 73806
46580 68178
92122 95963
28443 96788
65621 94788
15424 24726
14676 86322
36786 52737
97243 97561
45899 75846
17820 83946
87689 91242
48744 58071
3319 44075
86345 94995
62991 82614
48210 79222
85739 98591
95743 98648
25012 88349
16531 98260
28680 52935
73181 99897
72833 89603
67093 81964
93430 99756
97838 99681
93586 98349
9775 87300
17182 92789
22563 68859
86826 95305
66188 94429
91641 94907
3637 82555
4089 43827
44170 55286
53957 79729
2208 67862
51250 92057
74476 92826
85994 88089
38225 74179
60708 96283
7755 33193
65357 95097
5668 77806
97785 99659
86092 87682
78634 80131
53479 80540
56554 80957
2322 68281
88445 92635
67418 82408
57439 83830
86501 88729
73774 79478
66773 84273
16943 80132
81122 90500
40675 96475
25935 63056
55383 74294
11892 67204
45242 77623
52910 62082
61030 97260
98440 99407
54488 70861
84257 84971
19000 78555
59686 61091
49714 70880
14680 45264
93569 95745
42219 95024
8119 67392
93022 93863
71702 86310
81398 83587
77023 77874
91933 99988
20519 25022
30609 93548
54797 94960
6878 34470
37715 58492
69358 71145
8688 11372
24498 99360
90185 90444
57657 82842
35806 37625
11392 52369
42929 64818
8522 85319
3792 58083
42259 46998
90137 92857
74514 84823
74828 84930
65179 68118
89463 90237
80941 93400
24624 35993
70641 82624
25569 44588
65423 91783
65231 77063
89027 96225
27855 93194
99769 99780
38146 83953
18278 58563
16533 93387
51985 57563
72406 90881
64077 66907
13237 16657
74703 78496
67185 91270
85214 89827
17299 73904
74860 92283
11201 29872
88040 88874
42411 67071
14942 20595
84374 99724
53035 81549
63100 79336
51981 74568
35479 78106
14051 15519
30119 43226
47138 53516
70695 92195
75558 76530
88588 97369
19503 76796
22764 66547
54471 89867
65510 71406
99709 99948
60571 64041
43083 62587
39379 80478
34359 45243
46249 55603
89039 97434
73890 80556
27463 93997
23235 84628
4918 99376
66087 83699
24489 53991
48750 73149
17089 42543
75193 78838
97992 98650
27931 31165
35330 48085
73099 87721
50234 53763
6257 44552
50110 62167
39244 93517
23836 62197
5355 76288
18699 35922
94104 95360
99682 99690
27870 91942
55836 66911
38236 93476
58038 95782
48985 73813
96655 97500
75368 83955
88892 89420
9722 63881
84412 92070
35019 94152
11043 77884
64352 89510
61425 71051
59085 71332
47102 48930
54343 91386
816 55066
75944 80450
84302 87780
75619 91536
43303 82011
10449 67452
70568 93131
56856 84896
85776 96494
64420 77995
4036 80141
27790 43656
23135 60627
76864 84699
82285 94697
48566 75261
58950 71599
61617 69826
71704 76338
12123 45497
20073 55739
58973 68536
42424 94472
28985 93436
94034 94097
1491 8927
61096 86969
59143 82023
32944 36850
93352 97975
80234 86540
46756 99186
15006 64058
96875 97263
17947 22782
35776 60219
80500 93119
33069 87687
51728 93761
4937 62463
21383 52409
76101 83880
28081 42144
26427 27228
59922 91088
79466 79503
6175 72926
89453 94047
12416 54478
31115 74418
62847 82875
10519 52077
86329 96869
50394 87211
42333 96961
95882 97554
47408 55410
76076 77887
61280 69343
37789 85295
8282 96840
9101 64370
63567 65657
20675 93564
27840 87349
15152 15809
4354 36958
26802 45140
87986 89110
86172 89640
65203 97996
12893 87893
87321 93255
36118 94321
98675 99909
66891 71646
21793 65125
40715 77408
64967 75420
94761 98366
95758 95828
10562 40677
31417 68844
4939 84925
85468 96485
7417 64922
73661 88397
78900 92523
92798 99821
79416 80410
74953 80393
61511 70932
26786 86458
60094 92276
18719 88491
60425 95725
76989 78261
43300 97274
8576 49900
22132 78634
94455 99550
4002 38644
55822 73452
51179 84415
61909 95989
97687 99560
11801 82539
47082 61689
50404 69260
78082 90914
71082 90983
67042 78242
29172 82423
41428 65965
43200 90224
46191 67599
82004 89316
58790 82187
18973 20071
99808 99955
13725 15898
45431 61817
82670 93152
4862 60287
37664 56034
52847 59298
11136 93118
5572 76757
22907 89359
46920 86846
17649 41324
49434 93148
41445 54397
20295 62161
55955 57837
88424 96000
86739 99808
78002 86919
6823 79469
87374 93165
75057 83099
71394 83603
96322 97944
76585 96350
11266 35606
69042 90919
19784 56999
79156 87782
17739 21597
75587 96604
2465 95523
62510 91402
94449 96950
9267 52166
46745 92486
38849 44692
85723 88684
3842 51531
21206 87144
34073 67084
41313 79330
42175 42616
29136 65941
20834 98882
59620 98513
38901 83544
92696 93667
40905 82409
25603 95240
43861 96754
63375 97297
37901 62417
98915 99138
65938 83598
13099 53606
1619 13249
868 81565
35091 81748
83635 98382
52938 60297
11915 29839
65268 85921
58562 59825
55831 75081
21822 62633
55207 78057
22113 71855
37385 74394
62756 76519
64627 89401
36869 84464
61592 73361
11509 31465
81711 97497
3074 10012
67504 77520
91677 96360
81341 97421
88706 97591
48595 85488
62167 95339
99467 99710
72827 73863
82696 97179
67556 80428
88762 93778
84881 88717
12420 83961
18349 31346
77739 94366
24023 41760
14295 30498
68848 76502
78089 81174
82979 85165
64110 99201
51948 99339
8507 29808
67824 80193
26352 37996
85369 96812
38063 78167
92518 92528
87891 93270
75574 89125
40527 44744
5543 79793
49849 84792
36489 98741
23819 71982
70252 95910
41837 93229
41396 86861
60473 74442
6919 50995
32967 67868
29288 49819
3022 64300
22481 64928
95193 98900
2049 36069
10002 38332
91597 97706
87054 95654
21240 81177
23176 84149
32457 93449
7633 81558
63981 83554
30833 43964
7834 8856
61517 88766
16317 45914
70682 75559
92657 98152
31333 88924
27136 40520
55316 65484
52194 95805
42279 49598
84078 85245
35754 66783
5872 6766
33582 76316
84651 98425
38503 88613
47219 87585
33684 35866
33572 81259
38578 72270
35278 51928
97453 99838
7263 31981
92076 96581
14906 78434
22304 42206
59335 79246
57897 84174
90608 93784
34334 82261
31754 92533
97326 97958
27410 39637
85536 91694
21342 97857
23768 46511
58136 77211
76276 80160
5141 85315
51543 84591
62022 84229
72446 92606
52980 62045
5155 55397
73228 74240
45420 82147
76688 93677
78074 87289
93500 95610
48779 79351
57207 66134
4098 22225
2868 27655
34574 59325
30619 76903
75505 78199
6092 37178
84702 91783
1530 74380
37348 63954
80895 86205
73089 78337
95370 98792
55764 90890
27619 46348
59871 72636
48823 67507
3884 49867
79217 96968
7403 50384
65618 77174
6777 41005
88317 96584
13003 84579
90546 99955
72029 93795
11145 18133
42068 67471
75693 90854
79678 90961
90595 98638
92325 95482
60409 76735
15576 92530
49450 58446
92837 97720
49436 54990
47702 77522
86286 87359
45234 53558
87347 93158
38118 75191
4297 82038
50978 57119
98896 99699
53602 88498
97095 98780
52764 65608
14346 50882
48621 93668
58170 68405
85703 91225
75605 80155
48490 58470
93130 96396
62014 85816
49558 53405
68579 79236
96475 97539
75193 92877
13754 28819
71472 76092
57789 69459
29917 29937
76868 97024
39720 88018
4880 74113
79612 96921
84689 92753
12653 72525
23513 97609
60510 93693
78738 94087
87213 98975
89172 96075
33651 90460
23596 40629
69662 97251
10557 67014
37364 93790
4928 83920
57634 98933
29126 83730
44489 80141
99397 99976
86947 95726
34775 67064
17985 84692
34205 49703
41808 93066
48131 57701
51164 56786
66255 70451
79166 80163
44314 47689
82040 88677
36925 86159
91553 95270
53713 55874
42703 73865
22328 91762
72884 78422
14562 93776
4759 98107
94020 98143
92004 98498
10944 32273
18210 81865
10461 52524
30229 54145
22194 62547
27956 94502
13641 62290
10566 60286
91088 91517
15979 22977
95424 99517
60072 95742
10865 36687
4288 44139
93901 95449
56460 57797
50767 71585
59065 94397
41642 61538
69522 91864
81354 91946
97055 98661
33202 96816
53057 67290
17009 58463
75339 81191
47150 47698
59737 74513
82148 86608
39285 49890
26536 56353
9602 97113
75376 77051
74808 75468
83638 87941
37932 80620
41081 98229
83038 83158
86393 90866
83086 91757
93857 97931
43327 97001
74751 79905
71747 98044
75720 85683
34250 85532
29878 80650
70706 74995
99332 99371
48844 52136
