391
24044180 38097237
32615831 65794590
51095179 77161735
27374183 51617933
69722192 82970502
49547363 61152364
85906900 90046580
98357986 99691737
23805209 83373216
90232374 94939429
59471898 93793905
86868975 99564911
25023383 41593505
50280975 73414207
12605014 80607899
83302047 95184360
69276944 83246405
53300124 55297373
1827788 84224231
97368787 99345340
60524818 64741214
44024819 53867865
34228894 65755449
1098438 62300371
99297331 99647177
50184271 52928469
37240861 67816352
67144245 93031960
51771624 54931165
50496883 66885286
63131422 77949946
36348906 98491750
45112821 71060733
34072731 86633779
49065708 93122513
63962976 70378439
23489713 75242413
86533141 94113046
2277928 79487679
99506867 99927710
53262559 80233846
74406664 79434366
6266838 22759027
71801285 95697516
93687559 95406253
30505729 59016127
35249002 43718487
31930877 35872826
32114530 88478437
94593539 95738578
10360892 75953913
66104244 73976533
77387642 93091182
89344417 95273750
76518655 77895198
80860908 97488782
89513135 93674876
19468450 40128243
97425 33835439
85948227 90204586
70045771 95411411
37940256 57846723
43163307 46307629
14375612 44489699
10942283 55709381
61872645 94635353
39731946 45408079
57363050 96048061
37472152 59000049
13389787 61728033
22879792 67802357
57171848 99845098
85910538 96000582
74616000 92747506
71851126 89088834
17449549 60728595
77648401 95353437
91097644 96313321
80387905 82386441
71960286 73209727
68229051 80207916
41162016 84042185
85628486 90266658
71555273 81406544
24197227 89257588
7364111 56116099
23238837 43450203
6475920 27376448
31389437 55770938
1795453 36083957
80394597 95636263
49051998 80152433
42847815 53282709
20882752 69629000
47078432 68132860
52199824 82780602
73052839 94732649
77514370 85256973
26051026 31348011
6360910 17040223
93272993 94591815
10686119 20208124
96955061 99236582
59474817 68086283
70455275 84535293
37741872 92437592
38069876 42063708
18445410 22653819
72280308 86547115
55819970 82163682
18290396 82788093
12472974 93921598
6328102 20958259
53001175 92688797
84522242 87454721
48991137 59388529
31029335 64646076
29931201 68123062
84392602 89018648
54349782 67889369
91233894 92037589
64406688 73606994
79452889 89935857
94137582 94863672
81547618 87365694
18355807 62804622
22797870 89441520
1918730 37344134
69944623 77228746
62915948 81085714
69724525 93711137
15966228 83958138
92444905 98279422
97487215 98184981
43865860 51559728
37255538 74644894
65034058 68111154
8971772 62849875
54203086 98663231
70741576 87319778
38975746 63758074
54955205 58638857
6883335 8331985
22066625 95936481
58227805 64892533
61613112 70231195
27609541 58044597
60012573 67614213
23044878 61465112
83097971 98159289
80957482 93533987
29628308 98386869
36192882 85603457
69553691 82005755
48204184 77026869
15158497 21819287
91398574 93965165
19805951 98958942
45229239 60505203
5767814 91097656
45342369 95061506
58984146 67433459
28031948 37260213
42850568 91044381
65765161 99557273
7471049 23150858
11776888 68797387
92689652 99952940
37079289 94830283
38135448 88347876
97430073 99533059
41485079 98572354
21761053 36809137
37313228 73302006
10982791 87415327
97485647 99725261
6110291 68098631
8698933 38120938
9336071 42982335
20586379 43915296
25875830 75251137
57487657 75776271
19343266 70277615
4191011 8472064
27741776 56709736
17374384 96328789
15519004 91481104
73801895 80499016
97812817 99304219
69910324 71156626
97979212 98714157
38565911 46591321
2374504 57853435
97368722 98819860
60721171 85199255
82293967 89584839
14710828 43346407
2339206 42384147
46481308 51153805
3042274 34823503
22852060 94742482
11307203 24593766
3797681 15119645
91161783 97430694
35254539 77143727
51877727 97527226
92933432 94498514
84889185 86403592
77173065 92191871
31590046 43734833
84430706 85379727
46253687 63519959
82358458 91706297
19283557 71543253
71266521 92234271
96831019 97503532
40519457 41534969
36736176 82126494
34903940 90975479
64006705 99390006
11395934 41586245
61547639 65201848
40740578 70552869
56208702 84903196
80534265 99038067
7928943 28741965
91890071 92574755
43368352 64273541
42544751 72315243
45931468 79791006
76928261 81389065
85972085 87899276
93162011 98846869
65840162 99133255
25247058 78387707
69728729 82223063
62393430 88865819
28035686 61113649
72121451 79659561
27414594 33977578
45072259 73292444
78437317 91084042
95134314 97334923
61797162 74695956
91659014 92356847
11237566 99275722
2414119 11641409
82364954 85661762
75723131 97915175
98077599 98292240
31875387 84592165
86262044 86310983
34672889 79026668
24412202 95980255
99740340 99821632
77293968 87755016
68804496 75307253
71264193 81418307
83349294 98025234
49145849 93805017
91976569 98546338
32471786 53959806
2821907 73016503
9681705 19216175
99870629 99958079
63384365 70964407
55134679 94457789
20707181 21629156
15083820 39475598
33111885 60052508
63260734 84117701
87932062 96606954
72719732 94155526
27420384 85967829
67189662 94371723
80161114 95363340
60612309 98171296
2059424 38418805
97848716 97957810
99051039 99337833
64047783 92594010
80102594 95476555
22323860 49490019
54515640 86020948
92458611 97622836
37055201 65709644
61505635 69655714
27249991 85857789
74570707 80537457
73250374 87351643
392869 47636290
75705230 91326480
52934951 78566129
86075437 98299950
83349668 89077633
55618989 64005908
28211371 54664612
66272540 96649637
90191371 94980071
41514970 70316348
99065107 99683939
26686551 32427790
23965443 89026186
50793510 64742080
1124565 9200877
31786370 37697778
11436743 90652737
49454125 60228489
53671065 93385882
61371251 98465026
26247492 27652771
12158928 57183719
44110238 45767972
88934465 91369785
95324015 96731383
79010834 93779174
81655204 83058614
14497778 54123396
85789110 91806390
84639118 98934187
17940785 64337948
81508285 88921061
73257079 98012763
85269056 98416425
48047058 74098926
66873327 69664617
55465706 60588150
32488902 74203575
59912593 74716494
57728509 90383269
41501876 56277404
1711562 14442572
11252950 48863626
33611014 95746776
14107790 59902518
56631436 85464483
36364679 50601353
41008573 49118970
81447336 82285549
43926238 86237294
43340626 91395032
15632973 91072981
30756655 69522489
28273914 91879078
29215921 44862778
58020135 78587687
63273742 94966041
47052787 74537449
48574397 58878254
3333797 13080874
66483108 92974935
7046284 19938109
96737265 98600041
19784749 50419048
78078626 93670969
79374323 93793588
3493419 5263071
51012557 58364257
39596308 40629339
21380475 69440320
15167100 26698569
70899455 71523994
31691934 74191959
56750885 83443385
6140507 72066921
84799353 90744281
31371378 60453090
48139207 88715929
53407435 94794633
51945289 62792848
22367232 81626863
21810679 60223262
31730889 74621571
45844492 54520972
83767294 86864830
60098249 73775376
72355824 99178043
66121005 82423648
54163496 62562520
28506262 91930588
82151034 94382564
32034604 68539589
94448878 96263865
54198100 94970343
87115665 87196685
13480837 33070729
13293930 92961224
63113110 84351497
77783070 87802087
80726220 98557637
96114742 97567515
