146
56331969 83508644
43713411 52271485
85332338 94501613
74279337 88765598
31616045 34218909
36140367 62292225
72571167 90109688
94520110 98498568
79419060 98624295
14307285 68058149
39233527 48885667
43629047 75971015
29195620 50524622
10681866 56081217
71855058 72449888
37600943 42256232
37646483 66801847
18934114 63174945
21477732 50640444
88084720 97921268
46015402 57997620
83473995 90774041
49089891 94474981
16488344 17979532
93075164 96377798
2520114 42990243
54971696 94439661
75717864 91976098
6168282 69826720
96443892 98088633
49045514 51571394
52378310 83300129
29817539 49606390
98859629 99996412
65120542 81613048
6246197 67447328
41306348 72177375
58991597 97036489
90590148 92986226
27587962 66012711
93440811 96702272
75360206 94684014
12922070 89825001
81117719 83427336
9601980 46529325
85645465 88865089
33417757 60334773
19897936 29392696
22438042 98355718
75227725 98105482
53944710 54929272
45846086 61811395
6878420 8162552
60322693 69291435
25348151 53365334
86807933 90477164
51575142 75286686
22734977 30137599
28313545 75905140
97776352 98325151
73886067 86171066
97862189 98334814
61530726 91855017
69000675 69135561
93004493 94452162
41280585 66454077
46261553 88980137
49220206 64025509
45763900 82819941
77125856 90401749
19129481 97753060
94365161 95583275
3067739 69997186
65622156 65689870
13763183 54683281
10685926 77180222
17378707 93303401
47065850 55952964
66758516 84594043
83466811 97177367
77226999 86314919
13149103 57837651
69858104 70916160
95156085 99874582
71741796 72466916
26941185 41068517
34099774 98307848
11511157 41337216
35193278 93618905
53258485 70955127
81703325 90458105
60110752 85071346
50748987 67700260
78501841 82674600
17475359 82688780
63000126 88121189
54240781 97685042
795539 84270615
87900414 94350718
45973860 89897046
97507332 99358440
25484682 93008254
80372503 92327097
74854645 98064459
78997844 82605534
2617487 26275881
90015969 96901015
90727779 97374738
76526935 92646924
67440808 89994720
16456144 94033754
93517822 95885190
78352251 81489158
51852628 83519001
702764 76814241
17628588 31458706
10431744 21010689
14541595 71652257
96255373 97676431
26562174 29227964
80182319 82028652
93085801 97296431
89511484 95012948
16664675 75107984
1027793 7352340
98122740 98125165
58735001 75961646
11748159 76809873
20589430 76855816
28010051 42287131
37174151 65734559
81888306 88243627
12323182 58632689
83581956 91661559
29173385 61624604
17714262 43828894
83379921 91182487
34786678 56340885
44115809 60919073
34236543 77946467
2741718 57033965
99468394 99480206
75592900 85763232
48737008 99752838
27488014 53437651
1172366 8884304
