701
508692878574315168 948518586707479714
603814126793974833 605196781296862638
968811085137212432 978642811790855516
10289023746813207 40886844925056580
512930490186479677 605557044526418187
346256621001967387 588518634150933982
607683519683281495 919035706875127529
152465469716774961 418486829495941016
275082510637068365 346208531512037575
685818933664537272 956646250660026728
377645643471671600 722545850042235619
795631449742490648 955870465501010016
656392211753625163 658452779336200431
328055690326666379 903122899027705042
273049646637757311 480835121912633430
674464946898486308 792749702595692611
48322378752657612 277458328480841772
671092179514717442 680244110142476537
633279021881441246 879493533696207179
329852713266745713 541566497789288854
988445707553205993 991811504589215758
594632799878214934 880516053267253264
837375191565184035 886060421354017019
47675330222214225 401584607228075391
123813146041119415 771464340008862204
932363805967667172 998199920704367744
318907824716343485 747448546608991019
974186162298085339 993353700424013639
319102813747969869 901484333870718908
232643072917312683 843540687627855937
992836699962810906 992980162055142980
976637307626755313 996605419780665636
252094888365934826 301506208568002798
562131770377048336 962988303932025572
84147735656260671 924062923662167900
856161507248046510 979961298071395870
255772891363324067 546709503639171612
736560585882163407 955037577988154085
277836924653457024 509601582308409504
303793568244629186 828316222230557658
199835714789157801 762457309988768871
274807351965369661 926366649261458591
448514895779274142 509749581053596092
296935604163112012 761878912732134599
45770352381572274 496426930226120763
194608753856991941 747618453090715813
528006887865284573 950206206806638856
43783597615446650 676727245175535577
461666766214044636 700231372397886228
165139213155321492 355886322689838130
935373559534972602 963461048376283865
697669203917785662 714177982753940813
5205269205859250 611747421404504552
599007202302629927 705903176189298702
228741311310048720 953269517124239872
63806481657044030 962124780203367495
526484149936437135 748444531752645567
449697293464860342 926465105751734709
881004184008009632 953179669238402309
240654150028061474 756427141526133501
67040950130955928 216068751134574696
517394388317781036 659008252729220103
445086861655293928 744446454416592543
133330139591959245 192505396819683875
557564450848198935 753683353382850835
773829483139965929 963142285320064470
126114530812180525 555467639253343671
906001953652705424 909101101017060358
960094427334575939 991488228921753792
405195930577116239 721057164203425016
415280870606846373 994310121405804230
488066072758414119 605823782905780454
905556856865279483 931408327522765631
122445399637771475 987273592382598311
445349478272144674 789859651622154033
294355085240357555 439442727156179533
875008801050601359 907607649140424364
997717867844846792 999347439630994711
102332476109130644 105764917981424608
452764864805519733 990569549528285890
695067974243110752 856942825348620319
714132615559809821 859717164556499144
777956169591904113 850800659423405478
579615071259240526 786594276236616083
991242011107233914 993564325232685135
759534438717634335 937770515600204582
439953131076405064 467723797524866993
802636285672188364 868743841182498013
782052422613290737 974688929993151303
756919736630921767 902873484021138741
295893253041312409 501102874840997053
442369020240333135 562107605717634609
235020898780033569 423136369102790827
962618237109656374 978379646107461469
49946669269898877 853052882646268759
978981679584252288 990422952358675821
913734554001510108 931657263733475008
113478147939081502 184512138104179079
202497255269789477 637354242418235465
283523049743828039 384843926498890572
430589523747683713 794327768086212318
269554564775212482 696112385254459173
215954898091044076 843088177980548119
541578770279264237 714190924922399880
334412059076975728 378228337864579627
211896068509396552 971454377351190149
749216530015785298 818653569154386871
369744055936020574 640805400334700183
22372762115563974 173013186048828504
911665876274037664 924182883371826642
860153406562370228 974213299535590623
468989542678698083 532725632478932387
218207775277359140 391494958379653337
418995532552795943 981919618985181227
38217211753327422 704483199826202935
761181525505969436 820836448616232461
288318710160234758 901282862756067683
984194283748514876 984577579136559062
717568058109482799 951114668352943102
40775412925285566 614874701704738017
517884943008885252 847740321297093948
677014760605028110 892990010560175088
302750274242772426 735984459471806186
940585523584443859 982844680418862110
488569362413993971 789540883829904238
504641334719267436 770513168548705966
705108455595693188 839368047739393249
151714262665278801 158895818699251499
36599851131971506 391584677534046686
213298762392106757 385174300962144703
143544935648203018 654719367766950523
839745512101234277 848040620302119457
210316410803514788 746493672100200728
845689751737004094 849179037290678417
320867414431958561 818894660945020305
160116903788826659 720810227463680293
239772970825791637 843335308648435077
567092614479764955 655896249655570718
763203658067942725 805462205940747264
833807100330946035 978403468737298705
664788336229985567 816590039561229198
149663744752283347 767193727349302336
260202708749198903 294573344990821131
974866052937128117 977055108975568364
254134518801323064 432043641720420342
899598029957380709 933251058598064242
342333614376371064 790723276773739821
29173602346396136 273288489765481493
611183341438482568 948062831576864056
822848380507699633 894867618150110246
704807514858386338 807780385560900577
183828484536052252 480411989137133261
954994776895725509 988320304598963450
398557295407592703 924806139996913430
8828921826500621 624318845389148046
54518535986949044 109518364888865232
493776884092317755 598218828460526750
43525269331311064 380998371866224394
997456481880690749 997773222364534642
284174401636329650 560349830878511749
20040311663466562 33685944604967794
353798291186873677 458376702724351517
55339347496456095 316294013954111283
451112386840040379 960480625136197085
604009991981036885 686870794152084592
717665388391294674 883037600528452133
102601920042812312 427856298709890161
497214058966410048 790661628531855299
898816774286865441 938966982107612134
619626375991971035 934306272942001701
332173744544339102 901999722988968927
472063464514429465 913190571390277577
874984555938789602 983587080605239863
150010733295896541 470368016490293383
38326762396556794 729388553052319369
705302560187666029 820847736776646507
331082116531577892 814101137717794466
817741417085490392 953094734388383529
656250114320857235 718354433430105881
128484009501354571 805576148331829023
894323801019393065 957700218704521444
919941575891790040 937562886854278739
787983491714805574 935134515295979358
504608238894582007 571651398101755495
679950213738912146 935572055140550996
266816636292785364 391000348462852208
727831080078576049 909544658508159003
51236263452449750 788741603656985099
559514565742775801 684799322220306986
846064911894296001 883736792119124271
967116692383738022 973595040726123091
493750946728302039 563723963702150567
352273667607503972 991372726804597297
669638736972035855 956832902377472293
198488584695876194 538240096717359155
296122120936462339 599239281498581167
214346252459964519 327207355212643376
554021660582992162 934101889316344679
966163131855679252 977099350042454176
295490148132659740 358139226781083655
181785156870164050 710635506437726645
330647861266270807 949222535304685565
295505624688263436 846599301469159659
198305887731825891 332537822703359708
533570133033354027 798406170823594618
123196242273202162 394242106941828271
668698292097579361 894245413694747780
274502764683790941 734407429821501799
13240250105880468 152048251346269616
665137483681786780 840917567274936219
263877051280108404 519766446957074041
389623360955529284 551456441137397927
744299960019960319 866119926140789686
800419370493315419 876884277683954273
99907224427856740 242031460797581213
305248060726414213 799434469662823797
582943691856330960 681103940081728062
942251443274022932 945161577952932396
237374581770932964 998943945390311540
907076448423463505 926335585860746786
809854199318963897 872027658662313101
174433928824482706 448882941625692939
8250749785480555 262931777751495384
180079049745343117 538585279351734000
876887913384805936 984352475169803854
68112306757393791 725018874162834945
679213705091749855 857200458267326117
995625088017050245 998587134877831987
498392361363598274 895966743474189498
225474793289023227 708091524977923822
534010543280543199 738156813643001678
819202008792165589 896061773999585218
39260402734627359 185977711358792485
745561961595750320 963797332311022851
487768707571574632 622724329887651572
517904070142264910 785452166819213817
571767052193327874 878644360562794316
552888635866965636 828390327115140110
412933958262140842 642979240476270720
226274155778294537 478202515765391107
727944588997632543 810065359227969202
738794425838865603 919684691015691380
340377240137956458 695227075020467901
779291110675032048 847310424540018190
889893877592708852 988525127833320513
929274060237059246 970535237628343229
31253428391517266 723641235009703527
22643564605877337 532232957678799473
594796941189858834 963385542555417932
377677385109612520 453687137747169058
190658649402231212 671037208622886281
781145133097895916 811935373565381135
825069004240975032 948796484018682345
227521910743872727 368816617301737031
547480002256584020 724271203990366567
626449635188695503 644131749010972189
61285812415463133 102131915322901795
629802812636464331 758299705133134336
819278959026238619 915528027143958517
701089949433984569 908365083871555192
423383702054538860 494096390267598010
618855021604977609 854492671152185143
73202631586973823 124538932854657410
61196379215776610 952978198716311778
545218945341044628 567432129422531693
852416049482795466 930501703497681436
228967146726059634 897128043841191557
703839609958847381 845582756981825090
341722106828405841 821641774343247262
502640777108350733 687149877345401978
153306975925626556 301634134901135742
5925185097945884 782228984216053457
604413616187948427 659878685740693596
398585639136809802 936883726856589718
225147386089456690 731559420270134521
125161623582619413 127097209923494711
259499217166618060 514197183748721056
693838533414339620 965523085287570525
51944322910816969 660026730341822217
242506185761237599 517708622879727922
918240412712239059 941292185498644254
953740813439724790 965815718840763526
148439725133240758 785618384115299129
109732651032502708 959993198104971151
75106118777569657 999468973071999327
864262093937614292 977542410136096441
212075265265691000 801135575808665320
405310128549598587 783744511872217886
356788192488307728 740542909450736599
443526240193584973 963867301842442076
127186160560396117 930745358840269435
398707214192711836 725078114747347801
526476197506320064 879649685635854408
799980118927944994 809643432156829891
989119455150984716 996915899141821880
876514294952498141 913384988610362135
545341434335002790 735357483056529345
799846197726507642 809661532859492190
201117783970661812 417921168135305154
61780012387234139 470108763362971816
350773132298843811 512325568232881414
935800329601081626 987092196613938692
900711518131672538 986063272334814471
149241896546169956 176950165644901065
331976086948810100 801370904321406204
923976798285558297 928523880075748808
548524793407059959 858968899591256128
416279845113787280 875598580142273001
724852340634901096 801669990708794041
727010239125281934 892158928314864008
727122966245710340 858656897350037150
631917217617465377 850798368880241315
481721524967531078 947423404021024870
265766828164275412 551373323908887456
107112893204695651 716025376763907018
760200542900677632 787469349303762654
970260942864843103 977290735948883596
64429042480940484 914535673729691726
337127685688583256 966335378374726378
922769681248706476 979715673641239191
196887982246513341 909464743620876137
172871325713252428 290955175539089503
687667965284304379 848521460326715204
770006547694135538 906779030427236383
468404252376713044 524780317132545314
752363934650553672 986604021108498707
500873886718734556 874459718723520518
739189017108697899 963057077808410919
993220989090875759 995436769993837173
326379658015182977 589781523183461023
466397404327880547 600408826509168830
82139203254031500 458791931675137148
517734839261062635 758768182621326570
766542982412004918 986456007642863664
301178044772535968 946598186556748661
77509647704097981 426678850131496578
411511163446429356 568826003743219631
185376014210105431 635775891586433166
960082201568581819 975126534699766618
354759388948947862 790569658827637919
416746796304908386 649163452982395147
104577239497148262 240450821558241824
693582296309980502 732395800939619239
929640405956066229 999991309614099274
729570714451673624 926003851657534103
94602866883162409 482589237974486426
299795091463276203 512435917372872379
417471033981614240 929954425835729381
809406820087133853 946088877764052974
368683636491127080 912778193119002858
545975366851216783 550501855877368624
852686219782737343 936149513729436592
809863520318666730 821544371749254891
924543708726514514 929823138585398840
521786744157782018 835321628345304458
679130702074173560 887948212507735285
968607100575737696 978665379354818919
696663340458045391 782162617860460979
662492014517528258 764734458457973102
695091718235950762 803702401818217459
477004303956013885 666404152134957431
664434118481283851 717712647412361400
575336253212484195 774078675022083800
422380859362920345 705856465323270404
380612971339830908 536060678308275251
507700108541230459 555792284615028475
398470197907126589 728937652747181746
238782962633310630 347302243396168666
906454101392535505 986898056037208183
704405494103494294 927593520741092627
622456579834251133 940049624976315058
574593647948995195 696945716374979530
545983033966719722 758011126414980165
526945391051987480 709907892532596590
899249778471117808 942653273498895101
412319830551839945 985534026242007201
298394615090544395 879070001002103150
626774778760289589 848672605474366383
831304674828023472 869529269087650969
377068377486591627 775095470051730762
843336842815298358 961516200678242437
436815544591505373 897314959132368752
670685570069507868 712258659413382221
661790834137677698 779047866006360842
521251492754770755 972298701754674521
839323494840335626 985072194700484254
225017152710750789 876365083793849277
420843587974294743 667072059545525715
956650830041534591 970457016857377980
325823296401797927 350788612959273743
695481619683364146 981589940477363511
753299388126881271 960710988656819153
131060505662591525 439108336603325730
69875194913673410 604089461886659906
357939849888021591 890222509226696161
791050841085407083 903968699949211379
703407807612986019 771798588240010940
741274990448471198 821205571010494133
902623435663502269 976909362684283420
632744681886225198 686715738315268335
801560801858138480 829233211264659533
168500403230967287 650124093388463104
448127422177622266 612990027278657599
508806573364049587 994268372076944925
362632623103392801 885833998453094382
380837772860264160 636030756885716159
247213183900632068 655130760748949559
723067613442963921 795069240955738246
71590264799458965 480407003602265880
145072523522713487 463803378007063933
529270881231304863 593680821792759779
671224228042477792 910839135135120051
207877759272503778 370517436726975258
899139161178936275 974367852013299809
364149204362281271 918846651628542814
284215500572092909 434810238493773980
172033532259570705 174111803653550119
856962125938243358 925993641010220400
190119574808533387 930005055869087954
664354703363651162 891893432012031102
134353348418025712 557101875870137980
123553302380982361 146393116480442521
796461730228691426 871623722212546480
885109694340721603 944808299833945708
528444890253354848 779963724324655756
216972353521497242 597027743714326958
1487564437782566 299972345016496312
491654001118657828 875152910265492724
699501588474627648 743690527462692699
253874191264383621 824301270820586941
320666749252595856 507609673130840706
729857871452327925 916987434272219830
196424200639590250 373172075562002932
576316229893090885 974689808243059994
906911230930173353 958944800499481212
132323393361362750 252763811665824486
29335981957277783 523496635208550829
61089882077189969 295059028722994955
813454388382404648 837410171768961128
948027691084525569 981671003095066204
489856259341205637 742203132607318207
442362726026118861 619760943641868757
690170586959164768 813777641575969708
206598384076637823 649888158280322847
678241786919659912 765475973824447116
971828082261344631 987171877650058863
756316293597023752 909172519430242571
953410641794389048 973779666262694834
74395371729071129 696266750048099097
344457751028982599 442312034817318750
723011299920295734 843722347063922373
564122947028972976 897513573247460323
317570373429656835 572360562752182183
886527828357599566 983055303419697127
123839566602974507 596735293895966834
591809415636285657 639404867331579828
518066333992770166 732843685897429479
875744521119687372 958313198449199328
540954906503164185 633914236730758578
902831724404128012 987911930093672713
483288160408621912 943854395068655888
377896184840447002 540249878339647455
570163020474229949 818610794160269243
356179082216128396 591722216797283234
707012845333516676 895257735212966862
944163822390707014 945334623286468727
766369198963337762 983513375316881841
481777417453299679 889353917952918599
91916393254549142 463639414357363062
384954345367623872 907516728494311075
159435374183846343 329334440234611421
231378179075415442 763506909707328681
425590355335953823 889163578674517398
791129569997550764 838044413480314414
266356761099866103 797497000686861596
741655747958105412 815982950510807404
40103912804461861 93376752726774575
82198174260341188 703042105863110697
616490953208200348 882471078179688932
3594217328675214 197915588813118055
160213520300175707 487354584057319695
137891809559194110 657536543313638086
516350614727720158 754577554315068538
980803483105234959 995756406246525361
747512981793597570 863669207319412771
480945134400094478 993517670246287953
551682529169461068 998992379858508137
202485356592548661 212654493192615372
73884640255586429 190386441140873225
114743166376484108 773437507426845920
321357030562484543 490445738210993861
469814627655158370 733045589255351396
419708270227053660 641684617425326907
270210650195279760 321071084897386822
526700720899356083 885515374389934307
236379958257706543 805674847870703575
263712207018891444 857137032389946472
72267432450525993 212683115890845580
233773304145925118 961964483396794740
496187380233479861 555863258231490796
877087602853474165 931875406446405479
646140336850959625 837397493495451367
346033474735437659 821881650390754948
318686685852397469 805411268701229092
248386583196819804 999475485606973235
460994682352353036 543457819229768577
81187055169118971 446114930347722202
574232698697761820 606052292945626179
757397994859143812 897529317831845495
815964932156969426 829618428495071005
663879373712339121 809755508881753476
416196877394790409 954026375522297903
770177186800903674 827615147569595646
675157809633581694 926976317730393093
621627048270325609 947533252144808842
826417541711820576 922271794911946869
978231980039570701 982917175385213711
81993282576912160 765093911595223216
471998769873976312 817718187993619982
122980436487450185 997380717196871329
206785928165113726 465097760223472450
290770159630714008 595914029754048713
881207487798640941 924672984131843846
949291144776411059 998803569928455556
523937608472261551 863000760133118395
628194437598455382 992025068518352425
45438705540024481 78939478232472858
461837105309197518 828706243576827877
940592299407582847 994526060322060093
620518638410267129 843616962707979659
131793821524636724 385803085120418235
439008382689871614 475608600191534590
371219756347944809 475227018001383708
374203098931021970 756898493437918231
769834774747699535 912582098583270631
417295178337850029 747937308812056966
788449245770483165 996525534474255892
607248917817657292 729331510068985915
783003111935734630 923047980913458980
443600407966377762 919139584250579427
131527808912977384 487189272416367731
940243967563368520 986109254828054406
702986851294893442 898658596867001789
899720492238022477 907577271742192469
551749982624089405 867041560287903537
254328081023893293 984521931699136878
388789980175617674 611537492616315861
261903501672347563 489710763099217011
693858223477216381 810071897866117576
457446130509907367 510127479815091717
771885073580767745 841529752554160032
689594592087624581 990012406701575546
545953144031436148 947177024586507011
316557974455930080 826894509460239578
989296494338286724 991135845974606595
858777866391073274 946017732843287787
241534757984868077 548644541415179105
983394922122211926 992084659938373565
274962589370300770 572390988957960397
237854160834151505 909612961935977618
770856863175975344 882928169268974085
627567662867381585 901325562120794976
665736945609867071 717484264841293946
728688641359481014 980470670364214602
88016299508428732 397754055444600899
346463022324064176 404662058028311122
584985501528579725 866006723980001838
564394900450891258 815027244814881447
19324429429727202 615432064674782400
848313963467882946 931151032200425938
812517470086389363 921814289167696165
161368598045617874 603218699326215035
89506477222548600 383359275019660042
69284857575988235 75782346921784951
20622097371562551 677704445808325563
393977602417644461 680646948594762548
801970479981400828 860424522631710298
684558290043798324 832248962150115702
862034993680362720 921046784757396681
799787567110234414 865030687670341794
937988759737826084 968928158423703747
413259125550980767 443120380266190727
375950411907985496 854825087320453519
655206658564091446 703538084199052252
217554723263314194 555004149504981812
337607310896169949 595617573801713805
386640821357765749 753809581583314518
278128596853426397 354704659241871882
160680423735033223 339148482112394999
922976760000265813 927997601270646573
717880158446769691 770809118326816594
870684361213722578 958785359973454075
340970247319608605 744919025131378394
257414845780769654 323261766560662810
778285566258613033 780141289721691967
347526958508200389 986751904041432405
515911377613216160 974061176291264177
834403188317374806 851842912097768451
818717791354006609 859623701072818445
932892783152621006 994691609433744072
100378726846636482 647518650084320310
694753407484473761 807986369137993251
326279788147364542 531645299987006507
124664990834553031 183632315393672477
507224212413106374 963944173022072063
286186494456423177 335420822149908571
630144472294713469 823975988934742573
422243761550671178 835192898042037186
709223736893463455 846183288458597311
459782088824512473 690737474717766188
493998261258078749 851545376631292633
294443370966351585 480363245887674735
742541321909008636 813653315618632485
173844553435540577 858997075394788105
39446391942193092 319417919799389884
412790564844337041 542986117149993607
237795449563434186 507096557513764100
584093487011948752 846045395673624667
895462235065488000 926165051650968601
989669220862091767 997315536349919131
368170907607418834 742547726081211655
184245041635198438 859211307921874672
523490636022865929 542069214998722824
410831339629542576 629103197674063409
649463823035755502 942852409831037760
507429351630384944 952838749919701852
761460237593707068 857496746462286528
335734953879112954 519626899070362451
405763526187074659 592359782370080128
561588446062621364 890918905083905856
724054267131434068 932725170687010125
160755976109766673 517492971675782479
463328419808268297 650071431799215501
550108505543663613 677156044978638317
273508272567475467 874060357296142006
113445499036209581 679375328113075694
754868553632654792 778687970096293072
446678581229842445 797397433122116672
979588313728726118 981474254531001722
65037172579303139 482427040311664389
264539588889924837 449811441872808407
786566960261103872 880411935035648453
425051985358765933 805224790120261685
153334770113704630 743196298786187713
91518307298853157 113968585407719830
199728912816717518 883423972370986063
373312091868134503 718930488586119998
596679568484886954 807528207340681165
541663495869756812 859239989037708336
863347286302179282 908145032808185152
841972939908549657 912693206387100027
111445575284987592 681068032505113895
264365871752505686 365997062618910738
940033026381831278 950285431663912171
974479972344889267 976235110251789362
161970395547924250 234882175141452826
506606138218148351 873064590684439866
236046739718425460 320119239837925172
977615057076346056 992045815165865211
746143800239302746 779420063459399265
746192187433021641 997262353786769016
132210023743384676 786952210470078282
918911793643486906 953334171184992085
955076779190487617 958046747936115843
894253584341773151 923686137947718025
485662194378868918 867108720466584877
486491630828381893 796019683459679330
239111201794845391 305871380826595375
172365921205297794 723079206612483587
52047800247586049 483306991437756287
841443520777547607 985174191480223138
716036047514287392 919687229633716108
83356836967534246 674918360588146541
712952239117351154 734586070562171659
372682903244504316 558833424376000594
989764611442950445 996713358491080823
174527711841255970 869986053184593760
283979590932352692 651993819451527830
222230746257964625 929651095911894198
398714738217078106 729651943216062292
268604891904602313 445067683687236320
622777831013015169 772387327780026340
823632238453395303 838376176046810405
798396916133446419 939646891183934148
184364833917170618 940802526387716446
238851547896090476 854343648373829735
968521496460130148 974953543075515016
780961891068944153 810185073798171078
877858870927214067 948776718176114516
12881488147501250 992748125077550775
973746718780433971 976939036684608693
717651976260472759 776176391792469174
504994238388023941 895631189086731938
261716539836344844 610047748079014653
737659201906237790 788536928665226100
886305002635110237 965465120198209047
700147923187735125 909416532082972911
766429134177705168 821740066730375683
943325534096379261 984317853370837823
847370268106167769 850624676014413291
687753639951341921 922562253947890319
