200 100
ciqyswwvjnuvaocbmlejaxpmayxlpkcynqywshmakhnbfzdwcejtppjyxgxjbvipyxxzeglipihwejyynqwokroexmxyxcpmorktiytpvchfhcyvwdbijevtoomnkuuxjebpdwlxybasoknkygsxeniexfctmmawilsdcruaprtmfaxokjwgajzydtbtkrpgcigebmnx
45 71 88 141
7 27 114 143
20 93 171 179
16 49 51 105
9 137 153 185
32 54 115 147
11 95 126 164
3 10 43 170
25 75 125 147
19 126 128 176
3 6 90 106
37 63 146 184
14 110 156 170
28 32 44 126
47 60 130 140
66 100 132 158
30 64 88 96
39 140 186 194
73 86 153 174
81 113 136 148
80 165 168 172
96 157 163 190
13 90 112 146
9 12 92 123
42 48 79 131
31 72 103 118
3 16 127 128
3 14 54 196
65 130 182 187
1 109 153 163
11 52 107 131
63 71 95 106
19 62 68 70
49 107 110 119
52 63 110 132
46 74 80 142
7 99 116 136
21 23 52 195
82 119 157 193
78 87 108 172
29 86 92 178
78 98 137 141
18 78 130 165
18 96 137 141
118 121 146 170
31 79 114 160
45 101 146 188
35 45 146 156
48 157 163 173
53 56 97 127
24 98 146 157
50 143 147 148
48 84 92 142
37 83 136 140
128 146 156 191
37 58 72 188
80 121 124 191
40 124 183 198
14 65 73 199
29 50 77 139
11 58 67 196
28 161 197 200
50 116 168 200
70 92 161 173
50 136 139 154
48 60 62 67
23 111 150 177
45 133 192 193
29 104 187 189
5 124 134 167
9 100 155 187
9 83 113 167
87 126 149 156
3 10 88 122
76 77 129 152
4 72 114 160
2 12 142 171
1 1 105 113
104 150 167 185
51 77 94 158
6 62 145 187
16 96 102 137
4 137 146 193
48 54 91 184
51 109 113 145
1 2 27 138
53 88 112 136
34 60 132 138
39 64 82 138
28 79 137 151
15 48 78 161
55 66 68 162
50 70 102 191
57 70 132 179
27 64 73 84
54 130 150 160
21 86 131 156
93 106 158 184
115 189 197 198
143 157 183 183
