800 500
zetsczooiwkvefilqedinapukvimdoprlcfyrripbhdfxdvhlujefzideafqphpljfwfkkmojrqmkfjyvgyeeaskaampfhiamcgciyycbgaocypxllhoiwaeylbyatutaabtrrxzloanpwsicxlinqdqzochvjntpuorhtvzdxayrqonknidprcjcxwiavrtaceikagfctmlmhaaxtchgzifiewyefrvmzkktebrfhzasjrxeszcvwotktocbuqopwcokqpjikugeroetipswbgbeavqbabypstaxtisplvqnpxazpwfleruxrgvjykgxdwbprpuwiwunrxeeirdiopcjgwtxeviqcpuhgluxnodwmabpoygzvaxhmwduqpjiqnnxfoqlcsdcmosxijdwhyidhkybncxokxfuitbgvaxtemaopqdtqakqdoampvlzsonswmrugamvdnhsdqvdxshfhahnoebqfupbijawdxauvluclelehxyzcwghlcwyqbcpkgjtlsxetvckkttokvhniqfgronpjvtqoyoezmrkudqvbhhyxehkyquvlwxcoeexepgsxngwigkwclakgwwytwkfqxnrszirgigseofkgstprqvcwhtldmuwqwmkoofzpwgpoucuazjqgfxjrslmqcknjvuarfdmlzjptxjvvevfeikkhkgrhzmaugujjbdlhkhoilahiicbehieycjdxekvqweniwxkafupvxzzqqehoekdoqvacywkcmreuvvjkmaqlpjxgnurkrafkzitmqumjnn
80 264 380 427
139 294 532 774
106 282 431 793
170 264 304 360
167 214 328 414
5 114 305 385
106 249 337 383
97 116 409 453
272 360 392 673
176 221 420 490
15 225 432 699
336 402 670 732
237 320 490 539
17 30 136 173
272 473 666 719
413 456 471 599
128 458 511 597
244 513 541 784
83 85 133 238
42 236 486 723
319 379 430 490
167 253 427 685
39 340 352 425
469 563 652 740
82 433 550 642
198 371 704 747
26 81 129 747
262 281 354 620
191 474 564 784
100 114 323 583
49 115 355 467
73 241 303 789
177 514 691 790
111 466 706 746
94 223 275 491
119 494 619 721
142 267 735 767
453 466 693 721
133 466 726 794
96 284 530 577
79 173 535 597
102 257 443 692
111 309 314 795
236 421 683 711
71 133 242 492
80 205 461 648
67 286 313 748
12 184 287 747
98 274 602 602
180 430 506 704
106 221 555 594
68 361 449 476
78 94 148 152
193 264 288 369
54 167 402 519
228 339 458 719
186 537 555 716
62 233 265 610
131 183 448 504
432 440 578 729
125 194 250 449
58 90 304 370
15 514 604 702
62 358 638 661
230 246 265 318
173 412 421 461
31 91 201 401
134 243 361 388
73 546 646 698
239 413 460 758
292 330 362 755
1 9 541 715
251 449 594 669
19 90 595 782
21 57 404 679
219 286 524 674
165 315 524 666
248 273 446 632
346 439 548 653
133 285 434 615
99 137 165 658
71 280 666 742
54 63 476 708
339 461 714 775
298 300 340 714
389 457 764 797
82 175 628 702
84 331 430 727
97 99 369 499
91 262 401 634
99 133 193 674
175 209 329 739
254 325 568 676
199 485 527 652
31 424 560 650
427 560 589 747
399 601 674 744
109 118 204 348
24 231 404 598
45 352 740 767
144 217 461 772
262 358 415 579
132 193 460 490
9 23 205 761
148 352 470 757
111 634 752 768
54 272 597 749
78 566 590 669
385 466 680 691
85 137 293 435
161 384 627 650
29 29 438 471
22 214 417 463
110 152 559 706
24 74 384 758
272 340 714 792
26 132 547 768
103 202 611 790
34 400 524 754
31 262 304 305
191 414 569 597
327 449 548 550
186 553 575 591
258 538 651 797
317 331 377 547
63 84 537 540
112 179 486 726
24 576 669 785
157 187 521 629
392 514 564 652
172 185 247 679
59 577 609 758
101 101 215 652
22 184 603 622
56 227 346 615
16 189 249 419
130 385 465 477
452 462 653 656
60 188 231 553
79 356 615 707
444 548 631 703
78 289 391 494
13 22 232 666
77 244 287 405
60 227 616 646
32 376 650 724
73 579 684 722
67 207 234 705
61 174 288 426
333 397 407 690
307 637 669 691
6 147 166 459
82 304 389 766
36 67 277 725
38 182 480 656
113 175 493 800
135 295 375 421
86 223 357 766
53 389 448 651
154 186 388 570
189 238 361 599
395 646 654 787
241 403 438 598
199 211 419 533
77 410 478 763
227 236 405 415
128 408 442 638
258 528 769 769
326 542 655 719
107 250 418 662
87 102 321 764
169 415 674 708
284 381 665 748
25 95 360 373
149 369 537 685
76 148 417 596
366 391 457 796
359 632 761 800
191 250 617 675
528 569 668 727
12 21 447 559
319 344 384 741
299 331 366 587
202 553 578 730
73 354 449 736
295 395 477 648
374 655 732 737
309 495 572 679
17 236 289 676
102 120 213 481
30 152 198 299
289 373 700 790
214 244 303 693
337 388 439 579
18 431 707 751
14 163 340 351
281 446 568 665
127 409 654 733
216 335 348 609
27 252 322 457
64 528 609 624
276 308 428 686
232 486 489 494
107 366 409 732
3 40 347 371
74 295 354 637
99 123 391 501
299 445 563 700
4 105 653 756
232 341 586 630
365 470 533 583
293 453 507 646
9 188 229 350
509 521 755 786
103 308 370 582
85 106 136 426
426 537 585 639
323 517 597 761
181 508 514 718
47 73 133 281
263 283 682 783
186 230 710 747
47 485 507 687
62 563 739 746
54 238 570 683
35 44 142 544
324 375 493 609
327 382 729 770
59 89 115 496
189 313 486 633
229 417 598 796
286 515 711 780
135 152 480 688
235 392 410 625
424 533 577 776
178 209 436 671
100 190 415 673
117 117 439 725
104 159 229 701
119 232 421 795
209 352 610 686
108 641 671 796
89 379 613 703
250 405 485 501
128 131 143 662
302 348 569 597
5 177 251 572
37 414 513 519
53 223 512 791
42 311 344 636
276 290 361 518
125 396 658 766
20 106 168 687
37 45 252 475
188 197 582 657
451 476 512 699
279 316 586 779
22 23 202 782
383 398 531 616
98 402 427 499
183 346 528 534
15 33 333 387
101 204 209 632
129 143 333 556
232 299 356 456
205 320 463 637
116 143 183 481
225 324 331 591
169 254 505 745
154 339 430 471
243 244 269 426
16 165 378 761
99 121 375 693
140 402 600 737
219 243 268 314
116 155 232 318
298 454 474 664
293 388 507 606
251 399 573 622
79 147 256 762
201 240 452 725
450 597 690 723
331 394 564 650
16 16 712 783
67 352 637 708
449 599 633 721
97 442 566 650
71 236 535 614
123 200 627 800
189 239 242 655
26 90 380 730
2 127 191 346
215 244 453 709
40 104 394 631
204 324 532 593
10 75 430 683
393 456 542 586
153 287 365 751
114 281 390 441
124 311 343 613
209 316 320 662
77 359 501 545
31 461 666 727
189 338 412 666
546 592 682 721
300 300 315 629
87 614 671 683
28 197 249 654
64 174 207 341
232 523 763 796
324 481 504 599
100 383 533 639
156 242 261 267
227 297 339 634
177 302 558 669
30 41 63 394
179 347 444 656
78 276 471 640
295 386 465 631
417 444 711 782
35 215 396 440
145 312 414 781
61 367 387 740
19 259 609 717
11 315 592 597
70 184 380 380
330 557 658 668
50 140 179 322
629 631 789 798
14 395 429 506
123 173 262 559
361 723 735 787
7 418 750 768
91 117 253 597
72 766 770 798
269 279 350 681
312 472 705 721
34 130 525 671
228 370 781 795
9 26 132 682
371 495 508 638
182 391 398 735
101 181 525 676
173 553 660 749
282 342 487 569
273 390 587 706
126 286 318 633
10 260 492 602
419 475 537 738
22 27 318 382
480 520 573 732
66 205 467 586
29 147 664 727
11 295 454 501
486 529 553 555
95 446 532 612
177 536 758 773
72 142 290 547
445 566 615 768
63 213 268 704
55 173 305 673
452 657 680 693
511 690 708 710
224 410 481 608
142 439 506 523
131 305 598 737
126 392 681 789
13 356 450 453
102 341 567 755
62 254 303 614
259 289 363 366
74 187 523 782
80 221 331 431
54 167 441 450
106 190 624 652
172 256 607 701
155 186 230 397
7 99 132 417
226 247 274 617
34 107 550 644
191 427 434 790
78 179 346 642
118 335 346 377
131 417 459 709
212 319 341 479
90 221 310 697
19 87 449 722
58 191 252 317
506 506 538 552
163 299 561 632
112 279 305 625
21 603 731 793
1 105 367 698
151 428 532 784
154 260 390 399
55 164 171 394
101 218 246 665
74 544 652 780
333 387 402 431
10 490 585 696
450 494 703 742
126 345 389 419
182 308 616 747
400 651 705 745
44 186 372 692
79 79 391 712
34 274 505 590
86 90 335 666
86 286 661 713
122 567 572 723
144 348 726 748
255 257 300 787
127 249 372 714
215 493 568 611
312 617 677 769
203 404 425 443
1 518 525 651
134 138 274 798
77 122 192 478
344 511 656 764
97 315 552 754
59 569 586 592
227 307 363 641
385 539 612 674
65 98 148 556
81 413 485 769
118 410 531 760
305 353 416 659
285 535 596 670
101 338 410 714
25 209 408 523
123 241 250 336
18 210 452 791
102 219 272 374
308 322 533 658
137 145 383 473
49 716 738 760
535 652 728 760
69 500 586 632
31 422 533 590
109 209 311 695
150 406 415 755
22 189 604 609
77 136 721 725
130 382 448 717
22 587 717 759
212 298 523 752
131 217 484 594
55 300 466 467
91 220 351 362
179 316 397 552
84 234 475 725
144 172 562 793
376 426 578 712
298 381 622 781
178 357 538 558
150 219 368 656
128 254 700 711
4 333 337 660
175 416 500 688
126 273 486 745
454 601 717 743
190 327 540 666
70 189 328 619
67 270 651 744
56 90 261 388
270 352 477 515
28 544 546 644
2 68 457 566
139 360 507 752
116 389 480 616
66 407 626 756
13 411 638 738
318 395 422 790
71 244 422 724
92 173 405 789
95 129 158 798
439 483 586 630
53 183 274 394
491 538 587 619
657 679 735 791
63 322 558 716
143 546 638 774
4 23 128 524
12 152 343 671
201 355 669 774
185 242 543 636
266 360 466 648
36 190 240 376
136 144 498 654
105 178 644 681
29 96 185 773
261 285 695 737
126 498 561 735
189 369 373 430
279 587 629 789
173 383 578 720
236 335 651 714
267 371 412 543
68 107 137 331
