664
5361 3237 4882 4302 6367 765 5356 2863 1140 970 1849 3189 6973 2862 602 2377 1329 817 6305 6033 5067 1701 7212 5807 2955 6914 4934 1992 1873 2659 5398 5576 871 734 1742 1119 5414 2501 1844 1429 5059 8785 5901 3855 4490 6335 3048 5606 51 5288 547 1315 3371 9580 3119 8918 8854 9892 85 2989 6945 9357 2767 9002 6354 9648 5373 2291 1890 5328 6913 7381 3030 2002 6129 9213 4554 234 9991 5361 2346 6276 2830 6614 6699 8490 8606 8024 7503 4848 608 1117 1926 9544 899 8825 2247 7238 9261 1074 5046 5307 2201 3335 6757 6916 4467 241 230 2728 6259 6344 4709 7751 1180 3994 7433 1714 5688 7601 1598 3903 4052 4830 1883 1146 6700 1208 4755 6085 695 8556 6602 96 6523 1115 5680 4631 7043 63 3059 8245 3951 9790 8999 5003 7100 4787 8670 4570 8696 8603 9262 4378 7990 1681 4987 7996 4133 3065 7329 2924 6421 4122 8598 9294 1856 9992 457 705 4776 9102 9417 6581 5556 438 2776 5767 8242 386 5400 5824 6866 2362 2347 49 2742 6701 9649 846 6462 2952 1828 5654 1851 283 1575 6503 160 731 1729 1841 8388 6154 1356 1911 1999 6700 5683 7653 2462 9442 472 3608 5967 273 3767 2022 4296 9641 9076 4407 4827 5248 7142 798 436 563 7725 2408 7723 3045 3037 2633 2317 1341 9136 370 8012 289 1399 2641 7047 9913 4053 496 3377 9651 7436 348 6349 4842 4529 4312 9709 6071 4223 1776 6098 498 9807 2980 5721 5563 9013 7726 2004 8332 6154 5361 1206 2652 7398 5382 5298 1910 5017 488 4778 5018 7591 7611 6794 2262 6398 9582 9421 465 8396 8197 767 4024 5896 4463 9141 1392 4648 7016 7135 2386 6770 3862 4583 4105 602 2369 9029 6312 2317 2596 8527 485 7700 1362 3590 7316 8841 9660 3536 4924 6879 3056 1392 1678 3796 8942 8037 9109 1044 9215 3254 6892 5510 4485 3494 307 4463 4831 2356 4183 4751 2033 4725 1771 2469 1060 3380 4552 6978 7701 2368 3581 2415 7984 1661 5926 9066 4220 3454 3726 4595 8727 5039 689 8501 2364 5798 5301 595 6965 3824 168 3777 3681 6333 5248 2983 5380 3086 1729 9994 7635 6150 5728 2573 9979 7148 2222 9427 456 5414 9738 6957 3060 7956 1687 9470 7783 2959 5708 9561 7822 1023 3652 3152 162 2965 9288 5342 45 9461 6365 6593 1133 2853 2267 8785 7225 9941 5778 2305 7601 4217 3268 1774 6956 9602 7594 8737 8704 9213 7653 4286 7110 9000 8328 6519 3836 4370 5992 3952 3904 1355 9368 1051 3066 3415 1767 327 5586 21 5493 3342 981 359 6772 4047 6003 8583 1543 9612 5725 826 4190 2335 3327 7470 2509 1792 1101 8702 4655 9713 8916 8134 5132 238 1755 45 6456 8420 4519 7645 7873 7221 9139 4584 5563 1001 3732 3990 1432 3791 5962 4805 9604 2096 1118 615 1208 9144 1277 9971 7539 7329 7761 9011 9232 3675 9119 3757 7495 8407 8472 3105 1498 5985 4204 6833 8518 5612 8655 937 6859 5117 9156 6206 1360 4124 2337 4748 9645 1803 8878 2755 786 7775 8488 7034 253 2085 8135 2557 6198 7600 145 3230 9608 9231 1942 9888 3015 5208 4143 733 6645 332 1754 9076 8385 8587 4433 5134 6435 1379 4004 5677 4374 1704 4339 8148 3375 6955 4159 7134 6658 6270 8444 1510 8415 6955 8526 8995 8539 8828 781 6402 2631 6045 710 6665 9332 4535 3266 352 5476 7260 3547 6888 1091 5144 6413 3611 841 6759 4750 7427 9894 2606 3745 2862 5144 392 2707 5316 4647 3573 8144 8471 8138 1591 9331 9571 3275 2379 555 2174 3914 1831 6480 9302 5444 4056 4856 8970 3762 661 8316 4578 2113 1083 1280 3544 9873 3632 460 4807 319 4365 4692 3164 2681 7022 3427 5493 5790 8662 5150 4491 9990 81 1520 7285 1494 8024
1 401 4664
2 95699
2 30151
1 396 9389
1 133 3213
2 24631
1 382 5069
2 32751
1 245 2067
2 667766517
2 86149
2 13300
1 377 9068
2 57510
2 853131265
2 4658
1 460 7491
1 563 6637
2 92972
2 443505557
1 425 5525
1 249 1717
1 172 6259
2 20652
2 580503885
1 151 2091
2 74388
2 70491
1 475 1455
1 261 7606
2 70373
2 52110
2 90393
2 85560
1 115 2882
2 12246
1 495 6838
1 223 9990
1 32 6238
1 32 287
1 517 5065
1 218 609
2 64050
1 307 3961
2 341545768
2 11419
2 96538
2 11849
2 2595
2 105891264
2 41592
1 479 1377
2 67601
1 291 7576
2 144883759
1 382 9216
2 18300
1 237 8358
1 356 9486
1 471 5345
1 554 5754
1 365 1181
2 59280
1 639 9524
1 664 4726
2 66449
1 626 1756
1 289 7759
1 40 6778
1 574 9953
2 31898
2 51593
2 55023
1 494 9771
1 509 4018
2 19914
2 67380
1 570 9619
2 54116
2 295135028
2 85252
1 467 190
1 632 1276
2 20617
2 169096182
2 31733
1 242 4738
1 577 2148
2 14951
2 419051008
1 213 8309
1 220 5589
2 76827
2 94290
2 658082164
1 134 9306
2 4725
2 98781
1 344 6192
2 233442344
1 363 4208
2 24690
1 486 9722
1 572 440
1 532 3774
2 48288
2 33345
2 38733
2 62892
1 259 5592
1 634 5739
2 52653
1 197 5285
1 377 423
2 925737947
2 70080
2 86122
2 45291
1 394 2832
1 462 1440
2 19454
2 34023
2 98975
2 39986
2 316453002
1 475 5942
1 308 3917
1 345 5358
1 491 3276
2 456718510
1 585 1143
2 61863
2 51717
2 56952
2 989843800
2 73161
1 607 857
1 109 2005
2 90424
1 186 5612
2 74330
1 58 3245
1 23 5448
1 104 7534
1 466 4828
1 565 2866
2 62596
2 4565
2 12205
1 303 961
1 93 438
1 275 7320
1 533 3440
1 42 5962
1 620 2940
1 151 6797
2 6047
1 429 8773
1 233 7169
2 426622166
1 57 6666
1 11 2931
1 464 9332
1 591 6029
1 102 5656
1 358 9211
1 432 7082
2 45082
2 4436
1 113 7773
2 51032
1 658 524
1 185 4028
1 75 6252
1 97 355
2 75990
1 370 3596
2 68418
2 17801
1 407 5216
1 618 4148
2 62332
2 39274
2 4956
2 509719998
2 48211
2 97893
1 502 5112
2 10511
1 331 5706
2 21970
1 545 5222
1 60 7168
2 36298
1 366 9866
1 70 3359
2 76054
1 216 8276
2 19409
2 646001661
2 67925
2 69619
2 55158
2 24807
1 187 7994
2 91050
2 53899
1 509 969
1 258 9075
1 529 832
1 487 2128
2 3541
1 113 7841
2 36232
1 250 3629
2 16091
1 483 7898
2 64546
1 639 5028
2 851494849
1 446 7659
1 6 3804
1 115 2363
2 36176
1 316 3782
2 87455
1 61 657
2 64906
2 52044
1 431 375
1 374 3728
1 523 7942
1 286 1857
1 515 3460
2 851992727
2 51665
1 414 7380
2 62584
2 58682
1 574 5197
2 71870
1 365 3726
1 575 3558
1 465 266
1 210 3664
1 617 7899
1 470 3039
2 24812
2 39196
2 702313137
1 282 6318
1 170 639
1 513 5855
2 86963
1 564 3675
2 15087
2 7055
2 32151
2 45887
1 407 954
1 515 1145
1 564 7908
2 88898
2 18403
1 458 9863
1 499 7514
2 47742
2 1735
2 27809
1 223 9040
2 95844
2 98002
2 19592
1 322 1432
1 528 4800
2 60455
2 33238
2 84094
2 22070
2 298178866
2 62414
2 92995
2 93637
1 34 6884
1 400 4588
2 7050
1 647 1019
2 41758
1 217 1582
2 651477656
2 89950
2 2904
2 23387
2 85434
2 941925672
2 39241
2 63704
2 70400
1 99 3738
1 414 8200
1 395 7141
1 533 8792
2 23699
2 86110
2 192457074
2 38553
1 446 6240
1 341 2430
1 5 9322
1 331 3100
1 35 1837
1 150 5177
1 663 5648
1 356 834
2 884257528
1 377 3553
2 81722
1 339 4642
2 43914
2 523193557
1 293 8268
2 82782
1 606 8142
1 583 6922
1 404 4970
1 32 3469
1 358 1314
2 36443
2 8257
2 199317426
1 69 3722
1 489 689
1 535 8295
1 511 2916
1 259 8839
2 85975
1 434 578
2 51597
2 22793
2 920976323
1 219 9715
1 421 537
2 13366
1 351 5781
1 238 4248
2 44401
2 94834
1 183 3181
1 179 9321
2 545852139
1 163 9619
1 429 3494
1 491 5729
2 42373
2 15595573
1 87 3947
2 60877
2 65995
2 61554
1 470 1890
2 94340
1 169 8443
2 52174
2 49949
2 761442999
2 45649
2 55732
2 28723
2 33541
2 829149561
1 608 1343
2 82557
1 12 1804
2 53308
1 529 6280
2 20689
1 522 7681
1 455 9454
1 253 9906
1 73 4873
1 272 4988
2 31515
2 51967
2 37258
1 56 4267
2 91582
1 149 4164
2 78926
1 246 1603
1 333 4869
1 634 2598
1 224 3306
2 42711
1 132 7819
2 392470787
2 61790
1 145 9349
2 8418
2 50298
2 208702946
1 498 7278
1 442 3165
2 99410
2 43533
2 645353808
2 9892
2 15689
2 23404
2 61644
2 624724738
2 8538
2 98789
1 49 2770
2 77977
2 959053910
2 98541
2 93554
1 147 6067
1 210 4571
1 183 3077
1 626 2601
2 56134
2 62287
2 92864
2 171081190
2 83614
1 256 9320
1 115 8892
2 42096
1 173 8277
2 29089
2 12915
1 285 9220
2 60986
2 237811631
1 242 4217
2 78575
1 402 5138
1 539 9696
2 819102887
2 14498
2 22167
1 580 36
1 500 5751
2 327717799
1 226 626
1 599 7378
1 376 5206
1 280 3136
2 391862819
1 512 7824
1 586 3459
2 74015
2 42480
2 498451803
1 22 8832
1 405 9329
1 524 4320
2 30713
2 171735627
2 4625
2 45201
2 3462
1 38 1409
2 379213543
2 8333
1 331 7353
1 468 9993
2 26859
2 449525178
2 26761
2 84066
2 49651
2 79643
2 544327060
2 15771
1 63 1116
2 28172
1 13 2081
1 569 270
1 524 7207
1 496 1061
2 85536
1 74 435
2 476504067
2 10999
1 340 3513
1 589 8655
2 44593
2 175634335
1 627 2151
1 631 8839
2 94681
2 47857
1 259 4302
2 56787
2 11050
2 10585
1 311 9564
2 765933384
2 21353
1 462 6837
1 100 2124
2 62404
2 738448629
2 33606
1 560 3805
1 13 1745
1 3 2975
1 307 6927
2 71053
1 652 3189
2 89058
1 50 2746
2 6997051
2 78994
2 36365
1 278 9802
2 36404
1 409 5813
2 85551
2 27723
2 16603
2 92133
1 551 5976
2 61001
2 79072
2 56035
2 52743
2 657466528
2 40322
1 40 1927
2 53137
2 34368
1 262 698
2 4111
2 91481
1 135 2760
1 617 1731
1 632 3294
1 582 5039
2 14237
1 264 9248
1 622 7245
2 588186714
2 47930
2 25323
2 38502
1 399 7670
2 514364893
2 50691
2 20246
2 95739
2 46804
1 326 5754
1 547 9779
2 22199
1 306 5369
2 88906
1 544 6585
1 256 8063
2 35
1 20 4207
1 627 9698
1 171 5246
1 16 6890
2 72055
1 255 5705
1 398 9993
1 470 9017
2 42567
2 17335
1 567 8012
2 18038
1 108 7303
1 598 9233
1 180 2899
1 477 5866
2 10620
2 318693122
1 576 7977
1 184 7824
2 73766
2 4409
2 119388645
2 96991
1 646 3637
2 64406
2 58
2 518507898
1 38 499
1 9 3838
1 377 3980
2 11275
1 346 6672
1 589 5660
1 551 6413
1 467 5498
1 181 5335
2 967523690
2 73694
1 336 7260
2 43979
1 383 9219
2 810842448
2 18574
1 444 2308
2 99246
2 78718
1 550 168
1 244 1538
1 123 2667
2 1564
1 30 5291
2 488866433
2 95267
1 474 314
2 59881
1 615 3850
2 96565857
1 646 2064
2 87496
2 5299
2 40162
2 384910422
2 60910
2 42996
1 383 5091
2 49391
2 282765029
1 203 8967
1 321 8014
2 20920
2 5562
1 421 7053
2 81131
2 14457
1 373 311
2 42324
1 32 3176
2 61114
2 60072
1 82 8672
2 39637
1 41 7683
2 6030
2 92620
2 22470
2 77747
2 725910799
1 74 7858
1 467 8364
2 56291
2 97538
2 736967520
2 62685
1 206 250
1 212 4476
1 502 9936
1 612 3320
2 9868
2 33015
2 46241
1 225 3409
1 126 768
2 64124
2 2046
2 96072
1 537 4148
1 40 3498
2 44739
2 11315
1 400 1473
1 644 1474
2 63195007
2 55027
2 17141
2 26196
1 116 8868
2 879001751
2 11622
1 409 8436
1 267 8974
2 10743
1 55 8377
2 75770
2 45731
1 473 7801
1 335 4034
2 649060573
1 6 1712
2 92619
1 127 9667
1 632 4357
2 811196865
1 94 1374
1 390 1157
2 41062
2 45349
2 955951711
2 42601
2 18665
1 329 4129
2 41856
1 31 5697
2 54827
1 565 4094
1 294 9258
2 71371
2 182221720
2 47872
2 88035
2 72338
2 52946
1 419 8684
2 79392
1 126 1929
1 224 9232
2 883
1 123 4123
1 257 5064
1 508 5816
2 16271
1 57 2052
2 761699994
1 3 8892
1 516 9336
1 403 316
1 113 1698
2 344503295
2 98671
1 77 3581
1 583 9855
2 21373
2 813829685
1 354 5689
2 931
1 11 3633
2 52100
1 108 5265
2 9686
2 99243
1 413 7087
1 402 830
1 130 3605
2 36685
2 75636
1 633 9594
1 326 5222
2 169270321
1 3 5449
1 454 5162
2 33337
1 497 6827
2 486176017
1 236 1233
2 96891
1 55 5847
1 471 3762
2 734369498
2 91313
2 64385
2 41474
2 44478
1 636 3116
1 222 4395
2 99646
1 307 7456
2 50728
1 568 3232
2 57577
2 30682
2 82255
2 49490
2 41265941
2 96330
1 158 5809
2 52860
1 590 9373
1 204 4635
1 638 519
1 213 2761
1 108 3949
2 48293
2 886292239
1 86 5271
2 50606
2 54175
1 18 1453
1 543 9341
2 99554
2 69759
1 117 7906
2 18280
2 70503682
1 242 4846
2 69561
1 462 9397
1 396 5984
2 942691154
2 427
2 19137
2 52272
2 78449
2 116407262
1 620 4596
1 466 4325
2 66438
1 641 464
2 155805159
2 61182
1 181 5697
2 68010
2 24612
1 539 3996
1 1 6952
2 82888
1 341 5951
1 450 2519
2 272405552
1 40 2296
2 48898
2 64874
2 34937
2 706860703
1 369 8036
1 329 6796
2 93106
2 62397
1 442 2998
1 253 2283
1 462 670
1 31 1884
2 68067
2 898942303
2 16078
2 68438
2 70312
2 55156
1 581 9385
1 548 1640
2 77471
2 15625
2 50297
2 303550081
1 321 6364
1 492 9785
1 153 7895
2 66047
1 599 4590
2 3884
2 57505
1 530 311
2 74635
2 266822568
1 461 6595
2 56507
2 8722
1 31 9111
2 655513599
2 21728
1 86 8921
2 10493
2 60193
1 117 2067
1 460 3326
2 64646
2 97681
2 53273
1 484 5965
1 332 1734
1 230 8262
2 30142
2 69372
1 83 9609
2 48423
2 91660
2 22960
1 218 4623
1 106 3398
1 462 6605
1 378 5501
1 248 7254
2 36708
2 333678580
1 208 2167
2 85427
2 47326
1 303 5458
1 30 8055
2 78549
1 385 6623
2 12344
1 518 2587
2 908149805
2 84054
1 525 6999
1 483 9891
1 395 1104
1 291 3351
1 600 2225
2 16175
1 121 2511
1 612 6581
2 641219855
1 310 6300
2 56393
2 56345
2 38610
2 733132601
1 35 6242
2 13526
1 452 4673
2 65537
1 338 8991
1 42 9100
1 626 8867
1 14 6802
2 63861
2 114931986
2 68126
2 88066
1 557 4768
2 53214
1 336 5939
2 29466
1 401 9774
2 38299
2 39269
2 787601991
2 31316
2 96079
1 48 3253
2 46453
1 281 4020
2 12137
2 429
1 629 4756
2 29839
2 345788117
1 520 5174
2 71488
2 55037
1 554 3717
1 213 3429
1 405 477
2 31798
1 444 5560
1 381 4413
1 335 3884
1 145 9514
1 596 7867
2 84376
2 13516
1 552 8033
1 540 2634
1 625 3057
1 379 7812
1 381 707
2 823739207
1 644 5427
1 614 132
1 397 7886
2 62225
1 470 3478
1 316 9909
2 9048
1 96 6438
1 143 951
2 535905296
1 73 2181
2 86840
1 576 6439
1 403 3776
1 582 9899
1 249 6997
1 97 256
1 366 5321
2 59236
1 658 1759
1 98 5474
1 467 8492
2 54704
2 40094
2 574298579
2 44686
1 180 3881
1 182 190
1 651 4765
2 873120133
1 458 2519
2 8025
1 174 96
1 346 7196
2 967865600
2 20797
2 32572
1 188 7763
1 100 6545
1 593 5697
2 94148
2 9600
1 538 6580
2 29830
1 303 8595
1 402 3684
2 72396
2 32931
2 86009
2 237575376
1 606 7113
1 442 1599
1 288 3807
1 61 175
1 619 7644
1 419 8024
2 53121
2 98320
2 71555
2 990251809
1 533 3619
2 67554
1 138 2745
2 96721
2 424898804
1 316 8013
2 85569
1 288 3552
2 67974
1 381 1255
2 27073
2 17994
1 133 8621
2 46148
1 49 4086
1 12 3869
1 232 8278
2 50045
1 29 2810
1 274 7794
2 25226
1 377 6306
1 94 8698
1 434 6044
2 80754066
2 16443
2 74020
1 128 7292
2 287
2 998303438
2 14808
2 51644
2 96859
2 80850
1 110 2932
1 230 7022
2 53803
2 47849
2 88913
1 544 4628
1 417 7351
2 80951
1 287 148
2 49319
2 715242886
1 16 9800
1 159 6233
1 50 5378
2 39865
1 658 5810
2 5628
1 495 5617
2 29101
1 356 5524
1 70 5018
1 89 1113
2 38219
1 341 6362
2 75895
2 18799743
2 14064
2 45513
1 281 2344
2 62910
2 370618227
1 627 2493
1 271 7923
2 46946
1 93 5682
1 317 2293
2 69010
2 59233
2 58265
1 143 2563
1 504 1500
2 79686
2 28911
2 47523
1 408 3756
1 641 3363
2 20798
2 46767
2 2691
1 312 3536
2 342809252
2 44032
2 95781
1 135 4680
1 501 4888
1 347 526
1 180 5558
1 181 717
1 67 2695
1 377 8968
2 862879421
2 25383
2 51302
2 56032
2 3258
1 15 513
2 68862
2 2953
1 294 4882
1 352 672
2 925362089
1 43 2402
1 282 3043
2 45738
1 589 962
1 536 5078
2 86465
2 49981
1 218 8173
1 66 8667
2 944276584
1 550 5
1 582 6776
1 627 2467
1 578 7860
2 506098086
1 557 7991
1 657 4207
1 317 2114
2 8443
2 134678862
2 94089
2 98270
1 529 687
2 58527
2 465828752
2 60576
2 16571
2 33858
2 28849
1 648 8591
2 2923
2 48918
2 19321
2 76630
2 796728524
1 401 4788
1 200 7706
1 271 3091
2 47149
2 936854043
1 94 9748
1 271 7298
2 4323
1 45 7991
1 292 2724
1 588 4780
2 41653
2 41024
2 45616
1 434 1681
1 59 326
2 10296
2 43890
1 494 303
1 647 4975
1 139 3511
1 234 1230
1 126 6995
2 6889
2 129752365
2 37346
1 123 1702
2 78079
1 520 8485
1 425 9072
1 365 5790
2 46126
2 44585
1 144 243
2 471262952
1 481 1297
1 661 7166
1 425 1921
2 53901
1 433 5659
1 373 2845
1 35 9447
1 12 437
1 433 9218
1 495 7868
1 443 2704
2 71492
1 18 9185
2 51887
1 581 6862
1 378 9069
2 35439
1 255 8834
2 46975
1 299 2100
1 265 6749
1 586 5290
1 553 6809
2 55494
2 513381521
2 64180
1 488 5809
2 92476
2 82599
1 32 7416
2 42557
2 55739
2 20093
2 64389
2 822886390
2 41424
1 325 1992
2 60200
1 505 4144
2 615069985
2 7331
1 481 9696
1 238 6850
1 589 401
1 341 3005
2 95902
1 110 3726
1 92 4053
2 83725
1 154 7367
1 356 6872
1 327 8135
1 377 7063
2 13574
2 467943905
1 425 6294
2 58877
2 60138
1 557 9923
2 728130458
1 518 5102
1 145 2853
2 39274
2 99386
1 449 6820
2 15168
2 16309
1 59 9212
1 64 6096
2 880223008
1 40 7770
2 1250
1 322 4803
2 58947
1 225 112
1 622 362
1 166 2545
1 183 7877
1 167 3674
1 397 8198
2 79217
2 92643
1 62 1289
1 218 8762
2 510964413
1 48 1886
1 67 5050
2 72174
1 307 5534
1 74 3049
2 84207
1 131 2707
2 42399
2 59764
2 529750118
2 19746
2 29743
2 41982
2 98929
1 165 3570
1 604 5102
2 78463
1 500 6280
1 245 9844
1 633 144
2 13619
1 223 9388
2 51898
1 397 7784
1 661 9688
1 148 2252
1 509 4841
2 98421
1 448 8464
2 433113854
2 92753
2 69100
2 55557
2 62136
1 330 3430
2 11404
2 37668
2 43408
2 22080
1 245 5330
2 9869
1 129 5777
1 621 7979
1 336 4146
1 209 795
2 52359
1 647 1720
2 54786
2 93035
2 48314379
1 452 4781
1 335 3281
2 423
1 197 3470
2 186602305
2 61068
2 80872
1 32 68
1 54 5801
1 203 7446
2 70846
1 315 1016
2 71804
1 222 8087
1 574 6161
1 426 4375
2 74502
2 92763
2 4202
2 907137010
1 59 2374
1 112 6231
1 221 2263
1 407 7935
1 649 3255
1 627 5767
1 143 8288
1 632 9902
2 96787
2 819061583
2 57360
2 16324
1 122 8842
2 17814
2 656523621
1 425 4733
1 214 8130
2 95540
1 83 3200
1 632 9885
1 296 7269
2 16598
1 435 3254
2 47270
1 296 8554
2 21591
2 52094
1 515 96
1 442 281
2 861195096
1 428 182
2 21587
1 469 9194
1 540 9626
2 442519503
2 39739
1 315 4255
2 23854
2 12644
1 376 966
2 65169
1 302 5097
2 14355
2 1699
2 475246492
1 290 7296
2 13338
2 488
1 409 5243
2 193377051
2 78418
2 79975
2 26712
1 363 1227
2 216147271
1 57 9669
2 95770
2 22768
2 2454
2 517377436
2 88842
2 43352
2 73855
2 45698
2 959721603
2 2578
2 27677
2 14552
2 10010
1 138 3696
1 421 3797
2 31842
2 88582
2 83371
2 710681163
2 69315
1 255 7474
1 74 3250
1 576 7744
2 877096692
2 81200
2 95045
1 53 6813
2 46956
1 16 7057
2 94299
2 15506
1 326 2052
1 581 8609
1 113 2266
2 33315
2 14133
1 419 7001
2 67931
2 211280095
1 250 8270
1 318 9546
2 55738
2 41323
1 238 3164
2 20683
2 40590
2 97622
2 25490
2 253561453
1 49 6308
1 15 9872
2 59714
2 83379
1 163 2861
1 176 8724
2 84062
1 429 9255
1 500 2459
1 142 3096
2 83062
2 96723
1 381 8751
1 130 6009
2 88711753
2 52304
1 109 9030
2 5997
1 378 3839
1 636 9608
1 432 2180
1 33 3235
2 96671
2 39974
1 625 7651
2 66371
1 113 7831
1 416 9393
2 50324
1 415 3680
1 535 5370
2 85763
1 353 6195
2 99866
1 196 5
2 85544
1 521 6814
1 54 2885
2 56533
2 468502035
2 85149
1 313 3178
1 327 5749
2 43873
2 792073744
2 72928
1 203 90
1 625 4694
1 361 6398
2 928203926
1 515 7819
1 358 4328
1 641 9603
2 31548
1 403 1253
1 327 3993
1 219 6411
2 82701
2 13420
1 158 5207
2 18711
2 52271
2 46064
1 263 8444
2 18017284
1 454 6074
1 169 5183
2 66452
1 58 6958
2 202695329
1 520 6288
2 42185
2 51054
2 23804
2 31605571
1 400 341
2 78372
1 229 5276
2 42370
1 72 7489
1 507 1880
2 23218
2 9514
1 614 7766
1 496 5709
2 74060
2 59952
2 55561
1 519 8385
1 147 3507
1 118 5243
2 23674
2 96801
1 439 6694
2 905162146
1 319 1245
2 26259
1 507 6636
2 26736
1 25 5904
2 61990
2 95238
2 12043
1 15 9619
2 50744777
1 324 1572
2 51121
1 219 1844
1 173 9174
2 254546826
2 86899
2 23276
1 86 3841
1 338 165
2 24474177
1 413 9360
1 656 7604
1 507 2282
1 414 625
1 532 3367
2 93926
1 88 4632
2 40129
2 885
1 239 5835
2 23503
2 17868
1 249 5313
1 178 7686
2 878688645
1 100 5769
1 556 6407
2 27694
2 90328
2 34650902
1 481 161
1 591 5686
2 39048
1 649 9337
2 856149308
1 295 1821
2 42992
2 76576
2 53078
2 686647837
1 513 3084
1 36 9120
2 29188
1 66 2982
2 834551042
1 127 8077
1 638 6848
2 33520
1 285 5563
1 516 5863
2 91610
1 70 8945
1 295 2173
1 153 9310
1 612 6221
1 115 3161
1 614 6326
1 609 527
2 75682
1 368 1728
1 142 3921
2 98673
2 54897
2 38529
2 340708784
1 500 1091
1 142 6425
2 70323
2 1754
2 763119948
2 73519
2 19060
2 51250
2 43016
2 634524080
2 13212
2 67721
1 134 8860
2 63024
2 705750810
1 579 1140
2 37760
1 449 1807
1 373 1240
2 867426573
1 139 2935
1 367 6660
2 12446
1 59 410
1 574 3921
1 518 5499
2 82934
2 51783
2 29513
2 842114256
2 11588
2 87106
2 31600
2 17416
2 384545341
1 10 262
2 62592
2 95610
1 297 4774
1 594 3980
2 9038
1 33 6519
2 65820
1 458 5156
1 192 2987
2 16947
2 34004
2 62809
2 46141
2 587325680
1 458 4777
1 391 8892
1 312 570
1 631 7007
1 533 2630
1 68 3526
1 236 5916
2 65276
1 635 169
1 90 8399
1 491 9391
1 138 5535
1 215 9148
1 636 348
1 526 8053
1 33 3498
1 538 8699
2 9837
2 89269
2 885741676
1 232 6561
1 382 9583
1 374 3075
1 101 5344
1 81 912
1 98 6952
2 96319
1 112 4497
2 81061
1 642 5816
1 546 2848
1 332 8838
1 124 8150
2 87482
1 498 16
2 46301
2 7747
2 89431
2 3681
1 408 2462
2 33442
1 358 9358
2 84792
2 9678
2 205569712
2 46203
1 372 8083
2 78437
2 3100
1 615 2164
1 218 268
1 372 5010
2 74383
1 211 5169
2 334203484
1 315 1586
2 47318
2 31280
1 66 4743
1 240 5807
1 445 9784
2 25053
2 63174
2 52057
2 444777673
1 222 1621
2 70955
2 93910
1 663 7713
1 634 3348
2 37913
2 85237
2 3253
1 247 9348
1 390 6357
1 288 3710
1 392 869
2 47726
1 450 8368
2 779982484
1 626 6705
2 12498
2 10847
1 621 8713
1 339 2245
2 63166
1 210 3005
1 213 9226
1 614 136
1 2 5284
2 42617
2 17087
1 272 7704
1 84 5716
2 202437975
2 86907
2 97107
1 32 6778
1 106 1498
2 396994585
2 87924
2 77269
1 363 4597
1 64 3630
2 152946429
1 436 5571
1 128 980
1 104 9482
2 35206
2 922078334
1 272 9714
1 663 3567
1 421 1023
1 513 8912
2 262781973
1 34 315
2 86791
2 586
2 74065
2 388755045
1 161 2285
2 48734
1 168 2203
2 50259
1 290 2715
1 99 2903
1 97 4713
1 542 1477
1 576 5603
1 654 6442
2 40328
2 38295
2 61716
2 36809
2 746240186
2 70045
1 186 553
1 461 4002
1 346 1715
1 119 1563
2 15019
2 39957
2 12962
1 429 2208
2 531890652
2 74753
1 335 1240
1 486 5744
1 461 6949
1 395 7144
2 17523
1 88 983
1 508 9107
1 547 3536
2 62185488
2 77041
1 530 6127
2 1444
2 43671
1 30 1880
1 201 8224
1 501 7891
1 146 6926
2 26598
1 585 476
2 63795
2 81729
2 23171
1 400 7015
2 441786200
2 73426
1 179 2847
2 52750
2 4201
2 439165809
1 111 6268
1 333 9173
1 125 9709
1 156 48
2 934870856
1 405 5140
2 70199
2 87793
2 74314
1 652 4935
1 596 1378
2 72520
1 571 9534
2 61037
1 231 1503
1 204 1194
2 65573
1 313 1126
1 56 9836
1 278 6571
1 377 312
1 518 7581
1 428 8532
1 519 846
1 9 7953
2 95984
2 2305
2 24160
2 1324
1 456 3534
1 625 7823
1 379 390
1 535 1958
1 151 5218
1 33 5222
1 124 4123
1 640 3425
1 17 5303
1 400 9773
2 614993541
1 286 8276
2 5824
2 4
2 62499
2 432709010
1 253 3411
1 360 4112
2 47925
2 33395
1 225 9197
1 603 3546
2 89066
1 320 2785
1 297 8717
2 308901673
1 488 7902
2 88689
2 13288
2 11330
2 727806375
1 25 326
1 89 1838
1 566 1075
2 53065
1 497 9934
2 23852
2 71761
1 129 1378
1 207 6375
1 584 623
1 114 7320
1 358 9685
1 154 9086
2 52630
2 790209931
2 39472
2 75748
2 61640
1 5 107
2 478783214
2 74098
2 11180
1 569 6523
2 77481
2 148669420
1 207 3863
1 182 4016
1 657 2394
2 90853
2 945212298
2 20168
2 64490
1 521 6706
2 48525
1 361 2830
2 68069
1 269 3177
1 420 7174
1 420 6988
1 650 1636
1 658 1038
1 610 2076
1 154 8486
1 181 8620
1 239 8705
2 90966
1 19 2033
2 62998
2 40745
2 685109897
2 96677
1 30 5366
2 58720
2 43568
1 441 4757
1 630 5518
2 33984
1 349 8672
2 60646
2 901302636
2 12778
2 83559
2 84925
2 81454
2 948061608
2 58968
2 72669
1 391 7858
1 198 5222
1 291 942
2 23267
2 49568
2 86298
2 28064
1 136 169
2 32598
2 32682
1 416 7240
2 82099
2 972569957
2 13593
1 313 6900
2 75152
2 77956
2 511741875
2 93106
1 255 7335
2 96686
1 430 7996
2 196855043
1 662 5668
1 501 3879
2 16643
2 67063
1 225 8505
2 39150
1 472 4899
2 28192
2 72520
2 37442334
2 68286
2 46841
2 96049
1 511 9570
2 437384979
2 21867
2 86514
2 12771
1 609 2164
1 437 7644
1 581 8982
2 78387
1 324 7288
1 206 8498
1 417 5296
1 566 5860
1 508 2193
1 641 7442
2 29809
1 532 9429
1 376 4176
2 48768
2 68199
2 63636
1 318 9645
2 23640
2 3255
2 21130
1 58 419
1 279 4611
2 21622
1 445 7605
2 30470
1 160 6575
1 186 6037
1 631 5197
2 60796
2 47685
2 15305
2 331349291
1 233 269
1 56 1923
2 48160
1 41 5338
2 733586466
1 280 597
1 571 778
2 7899
2 89100
2 990180683
2 72392
1 480 2610
2 48090
2 60315
2 360225380
1 481 8187
2 81285
2 17318
2 4844
1 159 1136
1 132 3995
2 19202
1 336 7756
1 127 4091
1 320 1221
2 741
2 15007
1 627 5563
2 40225
1 458 8617
2 22073
1 493 480
2 90351
1 402 8419
2 39588271
2 38299
2 95633
1 115 8115
1 397 5534
2 505207630
2 76022
1 483 271
2 95318
2 52787
2 757719249
1 623 3572
1 443 8390
2 84168
2 97057
1 94 1117
2 2249
1 456 7938
2 48529
2 49886
2 989709844
2 43599
2 30865
1 288 5455
2 68777
1 455 9978
1 270 9185
1 470 8909
2 62012
1 286 2982
2 317246758
2 57288
2 76910
1 452 4216
1 61 826
1 563 5587
2 48744
2 74950
1 115 3795
1 289 1574
1 541 7579
2 50081
1 85 6477
2 18090
1 168 8017
2 980304313
1 69 1215
1 431 6035
1 511 2631
2 75342
2 889374628
1 94 4343
2 83145
1 560 3726
2 9419
2 638231293
1 594 2639
1 194 9607
1 175 8008
2 65199
2 969161611
2 13641
2 37477
1 405 6769
1 580 9312
1 334 5677
2 43891
2 81674
1 8 4828
2 55926
2 695544058
1 192 7321
1 53 2609
2 59608
1 169 3065
2 944296229
2 37744
1 177 9544
2 80496
2 10070
2 720055443
1 530 4562
1 642 4409
1 615 9110
1 219 5983
2 756394696
2 67142
1 530 6648
2 35360
1 298 5414
1 343 1469
2 48605
1 393 6644
1 58 8206
2 82376
2 414767954
2 99073
1 623 1835
1 33 802
1 62 7834
1 291 4780
1 167 9433
2 79550
1 621 8251
2 38429
1 281 1078
1 59 9399
1 309 4340
2 1425
2 54832
1 13 6361
1 547 926
1 33 3591
1 49 7289
2 57482
2 607358718
2 52632
1 528 6237
2 35050
2 98109
1 484 3508
2 38924
1 466 2366
2 73718
2 72004
2 457117073
2 49104
1 80 277
1 445 1217
2 5071
1 635 6785
2 41373
2 48928
2 60816
2 16460
2 882493321
1 353 7326
1 463 1367
1 202 2466
2 73946
2 134217808
1 562 7030
1 379 6885
1 94 3093
1 292 4705
2 835994002
1 513 1934
2 93551
2 8723
2 48357
2 143945914
2 73843
1 486 6331
1 581 2827
1 563 2236
1 430 2567
2 11027
2 77639
1 263 4035
1 58 9551
2 296117128
2 25931
1 548 3035
2 99501
2 2010
1 8 640
2 34542
2 77181
2 79984
1 415 9903
1 118 6200
2 87152
2 96677
1 182 9651
1 357 8619
1 214 9403
2 67461
2 9207
2 25512
2 34524
1 470 5077
2 78717
2 82477
1 241 6680
1 59 1823
1 32 4271
1 209 2914
2 17162
1 308 5043
1 629 8324
2 385953056
1 97 4478
1 591 9362
1 384 1167
2 16433
2 494959851
2 74406
2 57610
2 28013
1 166 874
2 792017326
1 441 9458
1 432 440
1 181 4217
2 52133
1 306 5016
1 575 7857
1 654 3336
1 416 7633
2 46254
2 658118644
2 83968
2 69284
2 11948
1 355 8498
2 570004418
2 18536
1 272 538
1 474 8329
2 62515
1 170 2578
1 257 5649
1 542 5540
2 58393
2 70652
2 743132356
1 500 6796
1 344 8720
2 2812
1 263 5967
1 149 3284
2 91725
1 130 851
2 7920
2 52686
1 34 3297
1 213 7222
1 555 782
2 96190
2 72917
1 459 138
2 84760
2 16377
1 153 9485
1 74 8795
1 561 3814
2 75887
1 338 9782
1 481 5220
1 549 7176
2 888116276
2 7627
1 587 736
2 25140
1 583 2792
2 454722107
2 83541
1 204 1191
2 58549
1 463 7514
2 786543423
2 68861
2 47562
1 106 5699
2 57007
2 557875083
1 440 1453
2 20959
1 107 533
2 36324
2 753119287
2 2427
2 52273
2 7552
2 42365
1 307 5930
1 450 7609
2 51714
1 248 4299
1 85 3797
1 45 5760
2 61936
2 68661
2 84907
1 429 1816
1 302 6326
1 326 5550
2 16834
2 99343
2 28308
1 32 7686
1 417 6495
2 83806
1 518 9814
2 19139
1 157 4039
2 93965
2 69142
2 63109
1 314 5376
1 526 4368
2 87058
2 91777
2 30343
2 63988
2 814287634
2 2764
2 67682
1 554 9428
2 59774
2 646828557
2 8234
1 173 4931
1 276 9992
2 50679
2 307879769
2 61211
2 33748
1 312 7797
2 26236
2 999892318
2 2794
2 77991
1 531 4308
1 315 14
2 132916937
1 631 9664
2 70245
1 309 527
2 359
1 244 6888
1 70 6752
2 26464
2 28589
1 350 3765
2 344002327
1 213 5091
2 47117
1 276 1063
1 511 3589
1 303 8947
2 60412
1 429 2819
1 420 5281
1 147 2008
2 978625963
2 62122
1 196 5796
2 17882
2 56040
2 366556362
1 352 3809
1 532 2840
2 60712
1 395 4795
1 49 4573
1 154 6421
2 12205
1 295 9692
1 164 8249
1 602 211
2 47640
2 49618
2 56088
1 30 5532
1 182 7556
1 385 1430
2 44695
2 30455
1 296 1618
1 104 4729
1 481 7877
2 77222
2 25625
2 26459
2 707708202
2 37657
2 88828
1 223 1865
1 254 4511
2 812433331
2 11508
2 28864
1 25 9343
2 83496
1 462 9778
1 220 6764
1 69 6772
2 12414
1 280 2193
2 311032924
2 28775
2 49384
2 13791
1 482 568
2 352906368
2 84110
2 26689
1 162 7531
1 255 4428
1 216 7618
2 45173
2 6107
2 58169
1 403 606
2 773328779
1 401 3685
2 42361
2 49133
1 553 4575
1 349 4824
1 80 8225
2 8575
2 58478
2 30733
1 150 1853
1 453 596
2 25616
2 58732
1 351 7489
1 559 4649
2 8999
2 4957
2 2583
2 32836
2 589071390
2 12167
2 15596
2 46871
1 218 860
1 323 9716
1 137 6289
2 58476
2 75901
1 299 4457
2 479339628
1 19 4487
2 86123
2 51105
2 40767
1 230 411
2 6560
2 61445
2 53072
1 464 303
2 847195411
1 30 4134
2 61555
1 541 7699
1 447 5401
2 362972764
2 91810
1 534 3443
2 65998
2 92298
1 613 4051
2 9281
2 62406
1 492 4156
2 4478
2 23139077
2 80827
1 416 5123
1 108 3180
1 190 8021
1 47 3706
1 512 243
1 504 6750
2 49231
1 111 3575
2 473230841
2 65237
2 60347
2 52927
1 490 1171
1 204 3710
2 63039
1 512 7803
2 32190
2 12571
2 2282462
1 107 9274
1 35 2898
2 93966
1 516 573
1 32 4342
1 209 3455
1 615 3903
1 532 4351
2 92356
2 85781072
1 195 9583
2 3097
1 627 5051
1 181 91
1 259 9691
1 187 7419
2 24760
2 84316
2 88534
2 610254875
1 111 2912
1 28 4012
1 84 1860
2 9574
1 259 9735
2 36212
2 36860
2 35957
2 29574
2 281013067
1 524 8620
2 71494
1 477 6936
1 171 6189
1 426 8451
1 122 4412
2 27322
2 75768
2 16968
2 674119519
1 565 825
2 75607
1 538 2661
1 95 744
1 401 7152
2 64048
1 16 9181
2 92277
1 144 866
2 488626564
1 73 4096
2 10515
1 441 4080
1 595 3954
1 148 6572
2 36380
1 129 66
2 268
2 20485
2 367788319
1 174 7078
1 73 7980
1 237 470
1 183 9702
2 911739860
2 46028
2 69052
1 198 242
2 74655
2 945611441
1 36 8452
1 563 5081
1 269 1806
1 448 4723
1 240 1721
1 663 5815
1 617 155
1 410 4695
2 31947
1 471 1575
1 456 9768
1 393 65
2 81646
1 11 7655
2 761166562
1 108 1664
1 612 2627
1 543 8296
2 12679
1 411 2594
1 170 7239
1 511 7513
2 94612
1 20 249
1 169 978
2 12947
1 606 9383
1 259 2755
1 642 2606
2 263268429
2 76627
1 633 5904
1 525 8699
2 92597
1 413 4470
2 71447
1 126 2435
1 19 4320
2 66870
2 932351237
2 12550
2 2877
1 327 9977
1 56 4960
1 637 4885
2 15157
2 74102
1 131 7535
1 381 1512
1 306 8171
2 90686
2 54194
1 166 9870
1 653 7764
1 419 1935
2 79901
2 23263
2 92050
1 474 2320
2 568967603
2 43011
1 18 6324
2 48269
1 256 8519
2 564256545
2 42648
2 56577
1 105 9118
1 494 9368
1 617 9822
1 657 7282
1 559 3695
1 58 5276
2 97727
1 106 7950
2 10484
1 664 3697
1 603 2787
1 366 5503
1 567 2828
2 73680
1 630 4748
1 478 8360
2 47328
1 12 3733
1 484 4786
2 13854
2 28835
1 166 6834
2 364230344
2 97727
2 23571
2 73884
1 231 1108
2 370039203
1 614 8702
1 37 6760
2 2927
1 388 5365
1 302 1412
2 52716
1 622 9656
1 136 2496
1 448 6496
2 264537988
1 471 832
2 55707
2 49340
2 95254
1 425 9255
2 90780
1 478 9648
2 28702
2 81279
1 659 1114
2 15943
2 42941
1 543 259
1 203 9851
1 26 7030
2 17912
1 391 727
2 10008
2 5400
1 201 2457
1 260 2646
2 84986
1 542 162
1 444 9137
1 590 3916
2 18959
1 133 1952
1 28 5989
2 43485
2 4022359
1 12 2577
1 202 9522
1 412 3805
2 84409
2 402782208
2 29400
1 3 63
2 5524
2 29674
1 564 4715
2 52828
1 432 3274
1 283 450
2 50835
1 180 6542
1 308 1483
1 474 6467
1 9 2559
2 74089
2 646657668
2 57903
2 47134
1 528 4451
1 571 5346
2 955392489
2 50976
2 62343
2 81939
1 77 4724
1 187 6950
1 226 1370
2 18206
2 19421
1 341 6363
2 75171018
1 312 6951
1 306 1325
2 27685
1 627 3326
1 225 3170
1 19 8160
2 8753
1 338 3809
1 606 4278
1 38 2480
2 50635
2 65653
1 574 4429
2 38131
1 226 7232
1 621 9082
2 44097
1 140 645
1 562 6703
1 389 1207
1 574 9006
2 42190
2 73832
1 193 1310
2 492550711
2 10247
1 245 5990
2 9814
2 8562
2 930569349
2 90590
2 39588
2 59792
2 16324
1 333 2890
2 84764
2 4149
2 59448
1 394 2003
1 489 7062
1 258 2732
1 168 7017
2 54024
1 442 4485
1 639 6684
1 278 1123
2 66891
2 57205
1 452 576
1 577 7489
1 153 18
1 319 9543
1 261 7924
1 233 7674
2 961196915
2 29439
2 23111
2 68636
2 33100
2 774978830
1 235 671
1 8 412
2 23085
2 49839
1 579 9924
1 215 4019
2 70521
2 72242
2 50707
1 180 6448
1 214 2021
2 44779
2 24866
1 19 5706
1 591 3929
2 47964
2 27802
1 91 8538
1 658 2497
1 315 72
2 4318
2 15387
1 471 9069
1 142 778
1 469 9536
1 307 7289
2 89959
2 42097
2 30885
2 555063848
1 622 8485
2 36056
1 304 2278
2 10402
2 696821645
1 564 5853
1 143 9803
2 89482
1 461 9708
2 167755641
2 41791
1 34 3901
2 43027
2 87580
1 372 4820
1 283 3637
2 15280
1 547 2332
2 41067
2 41191270
2 48510
1 556 9661
2 16128
2 73514
2 760889353
2 9014
1 350 2180
2 83289
1 251 5046
1 662 3901
1 382 6260
2 56555
2 90361
1 610 523
2 191358529
1 555 9500
2 73026
2 28721
1 588 4295
1 393 1844
1 287 2395
2 93833
1 495 5280
1 27 2802
1 367 309
2 20198
1 332 3908
1 140 8806
1 213 7843
1 497 6615
2 64849
2 73450
2 66870
2 810
2 908350512
2 83142
2 33024
1 303 9652
1 402 1851
2 761058574
1 172 4998
2 48768
2 71662
2 80258
2 261120302
1 273 8939
2 12277
2 57068
2 37239
2 660634093
2 13088
2 4503
2 98366
1 437 7962
2 643765031
1 177 761
1 223 959
1 98 7205
1 276 1552
2 320989590
2 5518
1 624 5183
1 41 5946
1 396 4722
1 322 9037
2 68496
1 388 6358
1 407 8638
1 436 7065
1 308 3393
2 56092
1 489 4621
1 407 8288
2 69724
2 685250259
1 242 2611
1 110 3045
2 2147
2 14739
2 739160087
1 349 8679
1 64 7976
1 618 2437
2 67089
2 849270235
1 551 4835
2 65784
2 74338
2 71542
1 586 4373
2 92821
2 44495
2 52622
1 331 7367
1 622 5018
1 481 2644
2 31176
1 261 1901
1 143 7215
1 77 3938
1 441 1041
1 620 5511
1 443 8080
1 133 4621
1 458 296
1 504 6788
2 78175
2 76360
2 28185
1 584 3374
2 37440
1 549 684
2 83685
2 45649
2 874858771
2 79607
1 384 4689
1 64 6836
1 151 9619
2 264676530
1 248 4521
1 405 1061
1 640 4489
1 568 7098
2 800507139
1 381 4587
2 63670
1 177 4886
1 43 7905
2 861721614
2 44588
2 46071
1 507 5259
2 46368
2 538584629
2 44468
2 12342
2 83190
1 97 4159
1 128 5380
2 12494
1 372 622
1 442 6152
1 156 5734
2 466820237
2 94348
2 74406
2 54435
1 639 6962
1 476 452
2 6613
2 96296
2 83916
2 94745
1 645 2178
2 34203
2 63180
2 12578
2 33545
1 76 1480
1 208 8064
1 35 4455
1 622 204
2 3556
2 621178405
2 27653
1 253 8107
2 49644
1 49 6913
2 953185751
2 7155
2 85995
1 21 652
1 99 6097
1 173 6134
1 115 9938
1 106 1138
2 8290
2 40258
1 177 8639
2 14430
2 26692
1 544 7144
1 360 9778
1 302 6582
2 36373
1 460 2175
1 3 4984
1 67 6896
1 610 6106
1 259 3350
2 97541
2 2121
2 15528
2 964121912
2 36143
1 455 4565
2 87672
1 273 4879
1 346 3127
1 249 3961
1 103 8201
1 263 3205
1 657 9112
1 179 7544
2 97421
2 10693
2 18724
2 78264
1 96 7080
2 7428
2 68922
1 418 1036
2 99326
2 716215679
2 22918
1 373 9224
2 67098
1 286 6059
2 661995254
1 290 8909
2 42079
2 53239
2 76385
1 301 6996
2 20083
1 452 8277
1 61 5157
2 16989
1 332 759
2 59793
2 33109
2 2743
2 799
1 476 1449
1 395 7373
1 271 2577
2 11084
2 18032
2 340210752
1 371 7534
2 81490
2 97766
2 20906
2 88232109
1 438 6634
2 99816
1 490 9898
2 59331
1 198 7341
1 649 5976
1 27 4939
1 605 9292
1 111 6813
1 100 8372
2 83547
1 426 4607
1 407 1913
2 45773
2 191120589
2 91349
2 63010
2 19496
2 68107
1 42 1447
1 24 9393
1 386 524
2 52061
1 59 1028
1 434 9252
2 26091
1 222 7469
2 11826
1 545 2379
1 415 1707
2 31883
2 46924
2 19312
1 84 6789
2 769143933
1 153 7479
1 154 1966
2 58138
2 40478
1 355 4048
1 652 2064
1 230 1916
2 41091
2 77713
1 74 3203
1 109 642
2 51412
1 489 3862
2 15785
1 248 4993
1 425 9
1 31 3412
1 116 8720
1 190 1445
1 134 2862
1 564 6275
1 580 6094
1 205 7715
1 60 9073
1 250 7327
1 326 9858
1 243 1196
1 324 284
1 118 6676
1 295 489
2 55670
2 46451
2 51358
1 483 2336
1 375 10
1 34 1818
1 368 5714
2 25126
1 551 68
2 751795528
1 531 7262
2 77139
1 361 5925
1 436 9819
1 426 7610
2 94789
2 48520
1 586 1390
1 506 2934
1 240 818
2 36681
1 1 8232
2 97579
2 30410
1 289 3146
1 350 2935
1 128 3407
1 505 5099
1 116 6315
2 986977691
1 127 5336
2 69700
1 509 9536
1 86 8880
1 268 1270
2 21286
1 13 4286
2 13877
1 284 9116
1 437 9244
1 480 6193
1 362 2155
1 584 153
1 401 9245
1 391 9708
2 6883
2 85795
1 1 5954
1 136 2685
2 794268434
1 426 1361
1 329 1613
2 33218
1 616 1784
2 236662816
2 76388
2 6167
2 28493
1 334 4608
2 175178978
1 408 8553
2 72445
1 557 6123
1 135 2148
1 7 9941
1 217 2355
2 11834
1 172 357
1 576 7578
2 457128769
2 24619
2 65044
1 248 9211
2 42398
2 896775048
2 18541
1 352 392
2 81140
2 36816
1 423 1474
2 31503
2 59687
2 27860
1 344 4108
2 693247038
2 59210
2 55474
2 16145
2 17244
2 656205793
2 87719
2 3769
1 611 171
1 332 9315
1 182 4969
2 4442
2 75381
2 62931
2 23387
1 344 6701
2 95840
1 554 7341
1 453 7391
2 66935
2 520821642
2 67972
1 174 3308
2 93031
1 379 3854
2 200179351
1 559 7640
1 365 7213
2 92770
2 58087
2 588774320
1 58 1484
1 619 3911
1 381 4409
1 217 6587
2 239188218
1 22 5565
1 628 5679
1 328 1428
1 80 4125
1 136 5138
2 87568
1 553 9141
2 49147
2 87740
2 447059339
1 570 1044
2 13966
2 55017
1 287 2867
1 80 7353
1 123 1911
1 264 4454
1 327 3615
1 347 7902
1 480 7149
1 465 6702
1 271 8448
2 65649
2 75259
2 503079954
2 30631
2 4401
1 365 5734
1 49 6049
1 233 6516
2 4045
1 527 1813
2 82943
1 264 7169
2 591353887
2 86858
1 350 2562
2 48765
1 6 1199
2 303856357
2 90194
1 308 3299
1 226 2900
2 2335
2 587713027
1 133 6508
1 258 2616
1 174 2229
1 417 877
1 330 3632
2 4363
1 198 2568
1 508 9428
1 178 4206
1 208 7622
2 16405
1 584 7009
2 31187
2 45422
2 783804502
1 340 7005
2 32732
1 165 4839
1 67 6888
2 152313488
1 540 9884
1 208 8240
2 24497
2 85797
2 232813688
2 32441
1 463 1599
1 193 5920
1 563 5259
2 643855198
1 366 7761
1 67 9692
2 15582
1 103 9096
2 233089226
1 440 4473
2 38573
1 82 1510
2 22136
1 278 737
1 246 5410
2 6268
2 47874
2 49220
1 321 881
2 48708
2 72078
1 548 9231
1 574 7842
2 981065567
2 98220
1 216 9311
1 525 7223
2 70106
1 62 6030
2 79482
2 94464
1 120 266
1 64 1099
2 464225802
1 343 4808
1 614 8041
2 77234
2 96805
1 194 4618
1 562 8798
2 75248
2 78165
2 57019
1 653 3974
1 595 9210
2 51833
2 4026
1 369 7564
2 323903169
2 74072
2 6405
2 60805
1 317 519
2 508567941
2 70905
1 10 6662
2 96370
2 2226
1 194 8052
2 95134
2 31070
1 501 8942
1 605 2464
1 79 8673
1 507 9655
2 71709
1 94 248
2 31019
2 769350904
1 186 9491
1 612 3024
2 82522
2 39857
2 985208790
1 654 6612
2 64481
1 505 456
1 176 3370
2 168590677
2 514
2 57065
2 29701
1 72 1931
2 362137087
2 27924
2 54868
2 64885
1 109 8800
2 404818069
1 633 5331
2 64072
1 267 6218
2 21327
2 300375978
1 569 3805
1 567 2497
2 16035
1 299 8257
1 479 8257
1 132 8724
2 38216
2 86053
1 82 5337
1 460 5452
2 45784
1 100 3817
2 92272
2 33157
1 144 457
2 17472
2 35234
2 60802
1 196 7098
1 615 3552
2 2970
2 95314
1 299 4706
2 57506
2 967483109
1 504 9806
2 14983
2 66595
1 129 8031
2 279975668
2 14375
2 21006
1 234 1617
2 59498
1 487 2329
1 175 8689
1 467 7598
1 386 6404
2 52693
2 143565172
1 184 5640
2 47527
1 410 5041
1 151 4733
2 536176993
2 98512
2 81254
2 40387
1 140 477
2 86961295
2 53923
2 25406
1 201 165
2 49192
2 848614297
1 362 3661
2 79655
1 304 4721
1 345 3683
1 627 6905
1 247 8244
2 43530
1 417 3423
2 98182
2 603990435
1 656 2639
1 614 6170
1 269 8280
1 11 9557
1 147 6785
1 145 5441
2 37886
2 35704
1 326 8667
2 831723943
1 37 5873
1 78 9158
1 144 5088
2 26924
2 248356959
2 48425
1 220 4021
2 74200
2 39301
1 559 7110
1 76 1870
1 124 9089
2 79756
1 459 9229
2 599084094
2 34134
1 253 9291
1 305 4943
1 491 8230
1 282 8255
2 63840
1 383 1125
2 85023
1 314 2746
1 273 1795
2 37955
1 550 954
2 70316
2 65904
2 934434157
2 83034
2 7301
2 86670
2 1276
1 402 4771
1 6 7747
1 521 6601
1 212 8542
1 332 4529
2 122077344
1 464 1388
1 299 138
2 61876
1 588 599
1 213 9774
2 29260
1 228 91
2 41620
1 384 5099
1 569 820
1 588 7352
1 361 3103
2 81361
1 519 8510
1 505 9065
1 191 682
2 89224
2 25723
2 85610
2 535551499
2 44272
2 57877
2 78337
1 407 4922
1 161 689
1 141 8995
2 74611
1 591 2047
2 94158
1 379 7597
1 42 8680
1 398 4786
2 21185
1 365 9106
1 335 8566
2 77134
2 95499
2 42626
2 19547
1 520 4863
1 162 8367
1 610 8136
1 537 1133
2 21511
2 338319258
2 50013
1 317 3822
2 26081
1 265 4612
2 923706102
2 50906
2 43305
1 92 4109
1 364 4191
1 273 2492
1 72 2952
1 283 1556
1 35 14
2 55211
1 10 764
2 39492
2 82272
2 37978
2 73082
2 83226322
2 13198
1 316 619
2 47412
2 50368
2 830454696
2 48968
1 286 6247
1 177 3014
1 14 7797
2 916046537
2 30756
1 36 102
2 62888
2 63923
2 20876740
2 3825
2 36845
2 36076
1 564 3665
1 404 6359
1 429 2707
1 324 8530
1 346 1595
2 9159
2 228648984
1 559 8694
1 395 2789
1 536 604
2 24969
1 307 3710
1 321 4201
1 425 8447
2 31146
2 32897
1 310 2352
1 407 611
1 123 6338
1 397 7493
1 279 4801
2 638909527
2 71929
1 544 998
2 521
2 23556
1 600 9086
2 15439
2 79095
2 463
2 91739
1 375 2900
2 83489
2 20813
2 22067
2 13103
2 878220854
1 103 7598
2 58661
2 29463
1 618 7821
1 31 2850
2 16465
1 33 7552
2 62803
2 67594
2 914524075
2 52016
1 259 4460
1 178 1105
2 80652
1 546 6247
1 168 4516
1 508 8775
1 470 4549
2 22477
2 969326225
1 310 7730
2 14658
1 231 7631
2 88559
1 504 4144
2 60250
1 261 8014
2 40678
1 6 3759
1 164 8818
1 222 9512
1 338 9820
1 305 2996
2 98959
1 442 1040
1 165 9077
1 397 7193
2 98300
1 650 5815
2 711990929
1 398 8935
2 39432
1 658 3218
2 13282
2 985307288
2 28060
2 59654
2 29849
1 160 3980
1 537 1043
1 307 5511
2 74040
1 252 4453
2 96197
2 979109236
2 36797
2 2052
2 11367
1 107 9065
1 320 3302
1 466 6739
2 36467
1 173 2709
2 1975
1 300 8743
2 59402
1 327 4699
2 1032
2 36952
1 570 8013
2 31339
1 238 4741
1 50 6517
1 309 739
1 162 7580
1 399 3453
1 430 2111
1 434 6427
1 269 4661
2 940342243
1 294 2173
1 611 7789
1 354 3622
2 36346
2 695649066
1 261 6267
2 25370
2 36206
2 63481
1 635 7325
2 76193
1 16 3370
2 82376
2 43122
1 489 9063
1 398 4244
1 145 364
2 83736
1 361 3444
2 209892301
2 6716
1 297 5974
1 183 754
2 83823
1 283 1586
2 15693
2 21725
2 42950
2 2837
2 127485147
2 80681
2 95973
2 25851
2 35866
2 757184343
1 19 1275
1 160 2503
2 98100
1 512 5002
1 70 8158
1 379 3927
1 247 8740
2 82128
1 276 1310
1 573 5147
2 97323
2 10268
2 89709
1 158 1936
1 323 764
2 36983
2 8180
2 93145
2 60034
2 380067917
1 211 241
1 103 952
1 124 397
2 40776
2 435674227
1 561 2938
2 22678
2 39832
2 61410
1 472 4939
2 54653
2 3720
2 8499
2 5533
2 113964255
2 73597
2 19725
1 632 7046
2 45293
1 545 1503
1 632 2628
1 228 7352
1 14 1224
2 21425
2 110894678
1 447 739
1 288 8820
2 21485
1 238 9690
1 13 1063
2 23770
2 90813
1 216 2305
2 17907
2 260428597
1 479 740
2 23066
1 480 7180
1 31 5288
1 232 2291
1 132 187
1 48 5923
2 81083
1 259 8018
1 543 8626
1 505 5290
2 43658
1 123 660
1 1 3329
1 94 9739
2 44281
1 479 6104
2 76426
2 29375
2 893653229
1 343 1737
1 157 7735
2 58640
1 366 8015
2 884084874
1 37 9281
1 174 5409
2 96924
1 451 6812
2 130436919
1 353 5679
1 403 28
2 11929
1 472 8433
1 463 7692
1 216 2628
1 560 7781
2 91220
2 3066
2 174964016
1 50 2939
1 24 4252
1 322 4594
2 46800
2 305188689
2 48815
2 64842
2 90241
1 466 3462
1 174 2484
2 88286
2 36842
1 300 3000
2 89739
1 170 2300
1 69 5807
1 133 2420
1 134 1577
2 68640
2 296715691
2 69340
1 67 4255
2 39837
2 65498
2 583687782
2 79125
1 396 4308
1 648 8350
1 271 2620
2 555086336
1 487 4356
2 70444
2 55444
1 508 3372
2 490924190
1 653 7774
1 583 2434
1 184 8399
1 472 9792
2 850464661
1 86 9662
1 50 7578
2 55521
1 399 7836
1 173 4608
1 517 5185
1 162 2686
2 99049
2 19937
1 126 1381
2 41269
2 3045
2 18591
2 10144
1 3 152
2 86639
1 332 660
1 200 9401
1 623 3159
1 147 9564
1 181 4015
1 478 7946
1 422 3611
1 532 2690
1 117 4303
2 64639
1 652 5417
2 66823
1 647 870
2 468549040
1 630 8641
2 47676
2 90098
1 61 1844
1 326 3589
2 72965
2 81911
1 583 6547
1 632 864
1 2 5553
1 123 6884
1 398 1440
2 96324
1 256 7663
1 664 8107
1 532 9106
2 12955
1 407 7605
2 36042
2 41483195
2 66382
2 87110
2 15714
2 23547
1 516 9379
2 31659
1 432 5357
2 5930
1 304 7422
2 755429662
2 74388
2 96143
1 148 8687
2 85145
1 466 3214
2 19914
2 32685
2 76540
1 388 353
1 433 1267
2 40868
1 310 1543
1 354 3713
2 3634
2 569345734
1 302 6656
2 2661
2 66369
1 327 8799
1 366 7810
1 441 8343
1 186 4750
1 60 8778
1 40 2228
1 145 1440
1 70 9324
1 136 3358
2 20199
1 211 2940
1 584 1935
2 11582
1 139 4076
1 107 6468
1 649 3084
1 89 3826
1 169 1859
1 133 8501
1 647 7359
1 244 5000
2 234005736
1 266 3507
1 201 5584
2 18066
1 27 8783
2 43547908
2 66910
2 37393
1 471 3838
1 180 5824
2 581333730
1 147 5338
2 88471
1 122 8528
2 2963
2 347389723
1 438 5328
2 58143
2 63755
1 477 7185
1 599 4317
2 23683
1 237 1937
2 29089
1 228 9628
2 334736465
1 188 4027
1 137 2213
2 65220
2 99844
2 108024718
2 58813
2 11795
1 382 625
2 24332
2 571941233
1 656 5752
1 350 2656
1 567 2380
2 60568
1 566 3906
2 1192
2 71461
2 30923
2 682
2 184136728
2 19139
2 21429
1 603 714
1 582 863
1 553 7699
2 31759
2 40847
2 92087
2 51849
2 614023869
1 244 2278
2 28402
1 613 1041
1 474 3558
1 478 8495
2 89473
1 419 529
2 36640
2 46288
1 285 4873
1 631 1839
1 613 4316
2 82543
1 535 9233
1 213 3651
1 46 2618
1 603 3399
1 92 5213
2 90511
1 531 5357
2 4402
2 49846
1 583 9043
2 98
1 498 3036
2 60724
2 10034
1 574 6696
2 67624
1 250 9087
1 510 1155
2 22398
1 498 5258
2 60780
2 278684651
1 580 9554
1 174 4398
2 85432
2 19820
2 335870150
2 53311
1 135 7968
1 36 2177
1 642 7928
2 499376716
2 99248
2 10273
2 48683
1 161 7109
1 76 1855
1 93 1855
2 62042
2 18310
2 71694
1 150 5813
1 43 3099
1 163 9697
2 41367
1 375 5628
2 343191944
1 2 5947
2 25504
1 273 6012
2 83205
2 119943622
1 186 9170
1 310 7760
1 592 2798
2 53239
1 222 2573
2 90571
2 71904
2 26802
1 631 5428
1 232 7714
1 116 9727
2 48915
2 49226
2 30893
2 355368681
1 407 600
2 74996
2 20323
2 61030
1 188 8147
1 48 8138
1 506 3945
1 556 4362
1 99 9075
2 851319599
2 53093
2 66984
2 33115
1 191 4321
2 280772456
1 592 4864
2 81401
2 38557
1 457 4187
2 548265244
1 519 3980
1 287 9815
1 120 2754
1 418 9039
2 963149324
1 563 1674
1 322 8092
1 310 3504
2 15075
1 107 4399
2 53052
1 594 2465
1 427 5806
2 37444
2 395642371
1 646 9805
2 8023
1 552 2410
1 312 2627
2 895563710
1 185 693
2 19813
2 63640
2 89962
1 558 3285
1 6 9311
1 488 8761
1 143 1414
1 527 7660
2 427379724
2 53942
1 536 6883
2 93097
2 76421
2 166913142
2 48065
1 608 1520
1 628 9746
2 43924
2 751783592
1 134 8533
2 15103
2 12474
1 38 825
1 465 959
2 68996
2 48660
2 11774
1 624 9685
1 220 7979
1 398 2175
1 294 8001
1 601 2098
2 29398
2 404737621
2 57427
1 355 8776
2 4487
1 65 6665
1 496 4647
1 165 7077
2 58817
1 568 903
2 32906
2 588721171
1 609 5082
1 134 5947
1 542 9423
1 35 8979
2 817586824
1 415 5834
1 206 2103
2 11997
1 304 1681
2 925598930
1 461 3709
2 38967
1 380 2450
1 271 2370
1 416 9164
1 286 7996
2 87287
1 100 8447
2 89776
2 325088102
1 418 7413
2 2902
1 629 8393
1 515 485
1 172 9368
1 514 2199
1 182 5927
1 74 4141
1 261 4517
2 41394287
2 81131
2 90052
1 139 2508
2 38989
2 374291205
2 30819
2 63050
2 2623
2 4150
2 594714157
2 69334
1 468 7845
2 84368
1 638 5038
1 501 5968
2 70647
2 86213
1 663 3846
2 48299
1 351 2245
2 19712
1 28 2152
2 91958
2 20420
2 416759034
2 63426
1 26 4939
1 299 2587
1 34 6636
2 912512310
2 770
1 122 4521
1 509 7566
2 97914
2 479389269
2 77682
1 265 4302
2 5777
1 232 4773
1 444 2533
2 96420
1 590 311
1 310 1101
1 331 353
1 592 1042
2 13750
2 54818
1 423 6100
2 67540
1 245 3752
2 55886
2 41941
1 511 8592
1 321 8086
2 56075522
1 223 9274
1 250 2757
1 214 4895
1 656 953
1 155 1774
1 181 4345
1 92 9874
1 578 4090
2 58695
2 186400020
2 89600
1 162 2879
2 66288
1 361 7983
2 835280817
1 159 1316
1 529 4036
2 51617
2 42206
2 240218278
1 35 9909
2 51075
2 16815
1 581 3362
2 265953981
2 55239
2 49432
1 31 7783
2 70325
2 676349115
2 91247
2 68774
1 664 7689
2 58591
2 464614160
1 508 3177
1 330 8499
2 29186
1 361 2323
2 146898424
1 476 6271
1 499 7517
2 23659
1 261 9951
1 357 7181
1 624 4250
1 263 6665
2 33601
2 79167
1 544 6406
1 219 5810
1 592 8646
1 572 4041
1 582 455
2 906223809
1 525 2022
2 92320
1 5 846
1 219 9759
2 658629138
1 613 884
1 188 2555
2 15676
2 76087
1 242 8502
2 45404
1 220 7679
2 4158
1 251 8183
1 160 8576
2 42335
1 603 9630
1 180 8423
1 620 7128
1 454 2959
2 1732
1 188 6055
2 66854
2 53333
1 415 4514
2 33273
1 241 6317
1 11 9339
1 568 7004
1 74 6070
2 19710
2 86636
2 67279
2 88388
2 350678896
2 53482
2 90154
1 327 359
1 309 7822
1 180 158
2 17880
2 19997
1 3 7431
1 95 5745
1 355 6505
2 50475
1 474 8196
1 532 7790
1 358 5314
2 237572414
2 53207
2 48967
2 24007
1 557 9049
1 372 9127
1 92 9484
2 80384
1 129 7323
1 406 9995
2 46571639
1 65 3639
2 46014
2 4587
2 68434
1 181 1574
2 68957
1 367 4850
1 223 5712
1 30 4590
1 39 2792
2 61982
2 45136
2 44724
2 22164
2 381538851
2 44753
2 3602
1 84 8191
2 17526
2 77940604
1 442 8629
1 160 5474
2 12137
2 56798
2 629435087
1 458 2190
2 3065
1 246 6726
1 167 3225
1 480 7520
2 19509
1 486 6517
1 126 4067
2 15976
1 483 6534
2 64654
1 627 8706
1 266 7100
1 351 8484
1 235 6664
1 296 3472
2 85535
1 112 8202
1 331 5720
2 344668702
2 38238
2 61028
2 39802
1 531 5657
1 395 3691
2 33518
1 583 9251
2 97248
1 257 1269
2 310081712
2 39838
2 43537
2 8214
2 95818
1 294 7641
2 33209
2 52147
2 77211
1 66 7548
1 477 6702
1 187 8643
1 662 7003
1 511 3962
1 2 2845
2 358102376
2 62330
1 416 7504
2 86618
1 135 8558
1 594 9960
2 12690
2 99030
1 122 4390
2 48357
2 397240802
1 152 111
1 229 7015
1 196 3930
2 21060
2 599573565
2 10800
2 42466
2 42503
2 94718
1 356 4828
1 300 9887
2 12142
2 79036
2 73961
1 357 166
2 25208
2 9013
2 36033
1 11 2391
1 434 2220
1 470 4694
1 620 9053
2 94874
2 26136
2 808607554
1 640 9681
1 604 7012
2 56052
2 30161
2 396665014
1 529 3618
1 610 5787
1 238 7008
2 29035
1 654 3101
1 231 2506
2 24034
1 229 7438
2 27933
1 222 8571
1 89 9981
1 429 8856
2 8988
2 65358
2 411261957
2 23
1 426 1686
1 544 4978
2 60174
1 340 3492
1 468 8627
2 85518
1 16 3438
1 563 7483
1 410 5887
2 89974
1 213 9901
1 175 320
2 80943
2 765497302
2 27030
2 77626
1 219 8263
2 38258
2 156642762
2 17803
2 74794
2 88817
2 54469
2 485613640
1 257 1544
2 88579
2 93256
2 93786
1 199 8703
2 50345
2 73945
1 177 652
1 419 4936
2 929663812
2 29414
2 96688
2 4941
1 345 3884
2 887754729
1 169 6304
1 556 3859
1 249 8904
1 440 8284
2 57125977
2 60299
1 636 1577
1 186 2875
1 365 2844
1 664 6975
2 12528
2 67971
1 558 1458
1 318 3278
2 962709873
1 656 9915
1 244 770
1 602 9473
2 39171
2 431375782
2 58985
1 391 3246
1 562 5016
1 583 432
1 593 8398
1 123 6757
1 428 7163
2 41471
1 24 4387
1 238 8571
2 29512
1 297 3456
2 38756
1 321 718
2 83708254
2 92282
2 82398
2 3140
2 82619
1 217 5793
1 163 6041
1 394 2746
2 45071
1 426 7825
1 10 7829
1 142 367
1 341 6845
1 88 7900
1 307 6656
1 151 2883
1 64 5589
2 39545
1 144 6557
1 95 5903
2 722535254
2 61467
1 19 8522
1 604 3570
2 81794
2 757110186
1 219 4436
1 321 6641
1 39 6499
1 579 5590
2 238098600
1 332 8906
1 547 2875
1 121 7089
1 152 4050
2 470275579
2 9899
2 34147
2 89862
2 58294
1 271 3333
1 464 3383
1 143 9792
2 91367
2 48238
2 618888062
1 437 3737
2 53395
2 71650
1 470 3853
2 48902104
2 38192
2 93429
2 46088
2 32368
2 368515960
2 98672
1 284 4491
2 26579
2 74222
1 360 9697
1 607 5149
1 565 5637
1 591 8803
1 374 2408
1 15 5633
2 11778
1 166 3481
1 603 1913
1 124 9166
1 531 5509
2 3395
1 606 2123
1 306 1029
1 54 9955
1 8 8760
2 80807
1 547 9898
1 182 3380
2 92539
1 374 193
2 84394
2 73008
1 620 5467
2 46817
1 521 2816
2 39831
1 18 5771
2 55629
2 7034
1 234 9715
1 135 1743
1 502 8210
1 472 8466
1 117 4654
1 150 6432
2 52120
1 140 5795
1 409 7299
2 65404
1 111 7704
1 614 9428
2 67538
1 99 4240
2 1010
1 171 2321
2 38080
1 423 7749
2 59968
2 28143
1 430 8891
1 326 6735
2 12998
1 287 1352
1 282 8716
1 508 4868
2 64810
2 34971
1 124 277
2 5491
1 479 1933
1 259 8614
2 92885
1 419 2925
1 158 7017
1 281 6402
2 98875
1 76 4002
2 62584
2 94137
2 274078293
2 90884
2 62378
1 553 7939
1 116 3872
2 434728655
1 598 5523
2 78667
2 10788
2 24642
2 312042332
2 66504
1 503 100
2 14382
1 323 3426
1 576 9807
2 95449
2 33042
2 89497
1 221 5181
1 447 4128
1 354 1961
2 99961
1 497 1199
2 55600
2 842672302
2 71947
1 459 9726
2 19916
2 1097
1 57 6
2 99237
1 618 3730
1 387 5237
1 338 5746
1 302 6467
1 255 1029
2 56390
2 760
1 111 6629
1 574 9844
1 31 7199
2 1952
1 140 3786
1 466 3155
1 71 2437
2 28075
2 46525
1 421 9152
2 91391
2 158215329
2 37836
2 82170
1 258 2355
2 45023
1 649 7996
1 518 4465
1 524 4921
1 548 7311
1 450 7357
2 182127736
2 11586
2 75348
1 529 1900
1 521 1265
2 463403041
1 348 9631
1 219 3847
1 378 6417
1 37 6251
1 359 8061
1 350 1353
1 600 1621
2 71066
2 48376
1 438 7223
1 621 3566
1 376 3043
1 244 582
2 22374
1 550 6959
2 56051
1 273 3905
1 359 2910
1 278 4850
1 608 5550
1 314 3751
2 55032
2 10787
2 97627
2 163455578
2 14773
2 25062
2 28194
2 81057
2 552325567
2 23383
1 343 3620
1 311 4488
2 47829
2 532896838
1 209 3374
1 226 1061
2 430
2 83553
2 450983157
2 6273
1 526 6652
1 260 5123
1 555 5546
2 905198585
2 38802
1 343 2814
1 466 2919
2 89189
1 266 4538
2 94023
2 37696
2 96221
2 13699
1 87 3200
2 95359
1 138 5700
2 8560
1 178 4722
1 119 4367
1 494 5709
2 29250
2 74734
2 5655
1 586 2586
1 174 6276
1 436 1072
2 68925
2 88336
2 783150046
2 52080
1 124 1932
2 39710
1 393 9481
2 232976553
2 49183
1 41 4252
1 574 7725
1 327 9345
2 444832674
1 638 6132
1 646 6646
1 460 7720
2 68989
2 587952777
1 412 9709
1 118 156
2 34057
1 535 5453
2 886903082
1 564 6635
1 127 9214
1 141 3538
2 88916
1 270 5811
1 353 1366
1 336 4203
1 590 5024
1 267 3447
2 718219210
2 11207
1 262 2597
1 111 9819
1 128 704
1 130 8188
1 187 2459
1 571 8194
2 74795
2 45884
2 846242608
1 136 2143
2 5968
1 635 3242
1 291 4369
1 54 4730
1 203 6515
1 117 3361
2 67849
1 439 1212
1 141 4750
2 44931
2 54948
2 280
1 421 4106
1 35 2062
2 75985
2 86130
1 103 6056
2 68839
2 52516687
2 40899
2 78296
2 34086
2 72948
2 781061663
1 659 9977
1 148 1875
1 269 3152
2 37996
1 623 9648
1 492 565
2 3499
1 335 7441
1 517 1994
2 549892810
1 89 9757
1 193 7880
1 384 4385
1 354 5612
2 366009272
2 5294
1 50 4014
1 167 4991
2 11602
1 145 1062
1 6 2682
2 63994
1 542 8995
1 480 8292
1 501 9986
1 488 5343
2 24216
2 29258
2 41515
1 569 1173
2 35529
1 265 4104
2 90294
1 474 1639
2 751887268
1 608 3261
2 85219
1 239 3553
1 196 9008
1 568 4862
2 23314
1 579 8579
1 146 4108
2 84743
1 323 3470
1 67 5265
1 449 5148
2 19766
2 50124
2 636559724
2 62483
2 83757
2 47225
2 69098
1 9 9117
1 561 5094
2 38231
2 93231
1 338 781
2 517915271
1 639 1096
2 58015
2 13625
1 326 7381
2 249952450
2 28916
2 59873
2 40360
1 367 6426
1 514 6428
2 46924
1 643 8210
2 2840
2 6602
1 501 5486
2 71815
2 15704
2 84029
2 60527
1 447 562
2 51766
2 69071
2 94101
1 600 4539
1 19 4343
1 516 9179
2 8263
2 20081
2 53697
1 58 9287
1 170 720
2 42431
1 424 3519
2 58649
1 80 1600
2 77461
2 97736
1 438 4867
1 619 2039
2 680983391
2 92342
2 27577
2 39280
2 87623
1 606 6717
1 164 7200
2 20336
1 51 1181
2 10792
2 561012443
1 252 3399
1 541 1324
2 80799
2 53954
1 277 9622
1 387 8844
1 85 3755
1 357 4372
2 59221
2 989280404
1 321 5082
1 133 2865
2 19634
1 576 4984
2 988504382
2 25065
2 79841
2 22092
2 44946
2 735262116
2 52951
1 170 4763
2 16475
1 515 1203
2 612409743
1 78 2307
1 492 3497
1 459 5159
1 176 9220
2 384633230
1 647 6656
1 60 2956
1 325 892
1 314 2403
2 342493171
2 51527
2 83015
1 134 8125
2 62495
1 544 8371
2 29313
1 21 6300
2 99611
1 448 826
2 772649104
2 85858
1 4 26
2 69513
2 72093
1 579 5263
2 94270
2 44384
1 60 944
1 222 9046
1 580 9249
1 68 4243
1 187 9917
1 610 4880
1 279 9187
2 474694240
2 2871
2 42277
2 17451
2 89826
1 167 7772
1 43 5591
2 49991
2 80705
2 38388
1 184 6036
1 540 8348
2 48459
1 304 2590
1 478 3313
2 232061311
2 59631
1 400 2469
1 530 7556
2 20344
2 461674041
1 322 6148
2 87701
2 71745
1 208 1937
1 560 1804
2 32679
1 367 3374
1 582 7730
1 49 4241
2 88063718
2 16106
1 240 4876
2 81086
2 17139
2 457523818
2 48251
1 272 4862
2 76037
2 5758
2 720865985
2 2363
2 34721
1 311 1831
1 438 3946
2 475077005
2 35801
1 634 4701
2 28715
2 58832
2 867434609
2 51145
2 33890
1 637 922
1 96 6810
1 27 462
2 40275
2 60575
2 60979
1 8 3219
2 174876946
2 75567
2 86497
2 90045
2 31942
1 342 4919
2 68459
2 24992
1 138 7824
2 57947
2 120606992
2 60405
2 15928
2 96881
1 372 6122
2 708595863
2 87880
1 584 2144
2 30244
2 68707
1 74 5165
1 162 9802
1 404 3025
2 31487
1 233 3948
1 515 4226
1 466 3850
2 11456
1 499 8316
1 292 8568
1 1 4653
2 56457
2 27207
1 466 8285
1 375 9289
2 924836811
1 25 1745
2 45807
2 4269
2 59759
2 344790465
1 561 478
1 14 418
1 162 9123
1 416 9179
2 867632671
1 482 1533
1 320 3475
1 664 7982
1 169 1569
1 243 766
1 490 9832
1 251 306
2 99147
2 8719
2 232918494
2 80944
2 22965
2 12003
2 18961
2 167381475
2 61447
1 15 5504
1 435 4960
1 326 4273
1 233 8218
1 74 3049
2 90621
2 86657
1 442 3555
2 636873119
2 21310
1 143 6544
2 76480
1 490 6806
2 11083742
2 96604
2 27494
2 15350
1 114 7813
2 59628705
1 309 5489
2 8314
1 566 6156
1 280 3039
1 278 4367
1 132 7309
1 323 431
1 230 2637
2 11960
2 214654748
2 23229
2 69017
2 92409
2 12345
2 992136475
1 273 1303
2 99036
2 39417
2 3966
1 468 6338
2 90778
1 294 5449
2 99897
2 4838
1 303 3181
2 98288
2 32108
1 54 1594
2 33156
2 2758763
2 72644
2 99081
1 504 4283
1 490 7779
1 41 3958
1 170 7386
2 95264
1 187 7378
1 173 3329
1 92 2797
2 94197
2 73669
1 262 3875
1 131 1914
2 759182482
1 221 5003
1 16 8075
2 74968
1 307 7328
1 485 7443
1 589 2181
2 60926
1 132 8395
2 10311
2 686827878
1 324 5665
2 76499
2 17282
1 174 7855
2 503155107
1 330 6187
1 3 3422
2 79136
1 387 9099
1 338 584
2 45892
2 44820
1 566 7015
2 16972
2 878669580
2 50111
1 77 5751
1 116 221
1 330 5950
1 576 5921
2 49411
1 101 1026
2 64995
1 454 6693
2 564674413
1 519 8223
1 437 7061
2 66233
1 321 877
1 575 7712
1 62 4109
1 227 6429
2 99493
2 26320
1 608 5257
1 50 6250
2 42267
1 439 711
1 396 1814
2 193172451
2 11414
2 16152
1 199 5819
2 42900
2 780924237
2 15423
2 64863
2 59301
2 27051
1 612 5289
2 58941
1 498 2148
2 99847
2 28269
1 503 9497
2 31848
1 109 9517
1 351 5678
2 71725
2 303814678
2 53974
1 627 1408
2 68897
2 67919
2 110685526
2 69757
1 614 7747
2 63298
1 451 8216
2 226742564
2 99261
2 41980
1 110 5949
1 254 4844
1 508 6200
1 174 5201
2 89065
1 241 5911
2 66992
2 126107585
2 10597
1 561 6181
1 450 5815
2 75077
2 52113057
1 173 987
2 31815
1 210 9734
1 132 7667
1 480 1026
2 46879
1 318 8330
2 23810
1 225 9075
2 534588114
1 578 8515
1 151 6990
1 282 1447
2 94367
1 174 8000
1 613 7876
2 59521
1 242 3097
2 58827
1 544 2787
1 164 112
1 50 3419
1 296 2349
2 22780
2 158881816
2 22228
2 8929
2 19382
2 56184
1 63 7407
1 266 434
2 27330
2 49650
1 182 9966
2 246519406
1 167 9003
2 35946
2 3692
1 268 8854
1 644 7486
2 97375
1 535 9582
1 539 1977
2 99067
2 832088945
2 50353
2 60703
2 47808
1 103 6758
2 562870485
2 97349
2 368
2 72884
2 21855
1 42 7095
1 318 8169
1 487 1645
1 307 2082
2 80044
2 634160357
2 15693
1 467 3616
2 20150
2 6717
2 647504661
1 484 601
2 70681
2 28768
2 43049
1 625 475
1 451 3747
2 14296
2 50935
2 47486
2 319810840
2 97766
1 221 7484
1 20 9231
2 65622
1 367 1854
2 25758
1 625 2422
2 39141
1 455 7330
1 529 8237
1 57 6233
2 60868
2 6482
2 99711
2 257842790
1 202 7216
1 211 2138
1 331 898
1 116 5345
2 323477278
1 330 4236
2 6474
1 309 2992
1 235 6852
2 126630177
2 98333
2 38213
2 87801
1 628 915
1 23 4303
2 8197
1 408 3179
1 293 6707
2 62104
2 106103923
2 61606
1 499 3202
2 12275
2 60598
2 699179488
2 82917
1 219 5925
1 167 5110
2 96485
2 309843966
1 21 7225
1 372 6075
1 490 631
2 55683
1 278 9259
1 540 4644
1 621 6930
2 5779
2 74353
2 743067190
2 57630
1 256 2421
2 6129
1 223 4276
1 544 8362
2 19850
1 67 5654
1 131 5304
1 489 939
1 89 278
1 336 3662
1 68 7015
1 380 8216
1 266 4698
2 866497133
1 10 3352
1 521 5834
2 83322
2 48255
1 24 3851
1 256 2307
2 8234
2 46974
1 58 5097
1 401 7328
1 401 3407
2 23042
2 72886
2 60130
1 344 4484
2 55583
1 55 8284
1 403 7504
1 122 8081
1 455 1534
1 234 4172
2 71359
1 357 3871
1 548 4600
1 469 121
1 28 6764
2 10463
2 55871
2 41487
2 696037646
1 112 7374
1 423 7158
2 52859
2 27875
1 423 614
1 416 211
2 24362
1 132 3945
1 98 1338
2 781549512
2 14919
1 330 552
2 14981
2 1690
1 532 9500
1 531 2275
1 141 4317
2 81830
1 506 6024
2 481564123
2 78708
1 477 9003
1 408 9121
2 96900
1 396 6379
1 195 4555
2 2861
2 16426
1 503 229
2 902344836
2 66038
2 66017
1 581 7041
2 18218
2 327420625
1 109 5594
2 68442
1 328 3730
2 73431
1 286 9465
2 50807
1 101 5735
2 31716
1 521 4974
2 574357053
1 138 3037
1 174 6975
2 75140
1 499 7935
1 514 5054
2 46277
1 274 3012
1 629 5989
1 578 9195
2 218340151
2 20324
1 340 6713
2 38913
2 86624
2 856504018
2 7336
1 366 2612
1 468 2679
2 52017
1 369 737
2 94740
1 282 4999
1 110 4073
2 85717
2 272680174
1 412 5871
2 14441
1 403 6923
2 43683
2 885599613
2 92831
1 428 9179
2 76284
2 25663
1 365 6424
1 345 1894
2 66409
2 3852
1 64 3998
2 386496751
2 69004
2 90881
1 25 2748
2 86666
2 81574931
2 31073
2 460
1 496 7694
2 23977
2 709790345
1 630 1879
1 125 6245
1 644 1635
1 457 2986
2 916189466
2 70339
2 75467
2 16893
2 46182
1 569 2027
2 49658
1 171 982
1 396 8763
1 35 8157
2 356777687
2 80005
1 267 786
2 67738
1 567 6869
2 524840068
2 64150
1 543 6201
2 14697
1 434 513
1 605 3590
1 282 7302
2 12383
1 327 7917
1 237 2354
1 356 3058
1 116 5643
1 106 3105
1 445 7943
2 86379
2 510976119
1 376 7466
1 60 6977
2 80048
2 81994
2 758577512
1 459 1089
1 585 3936
1 195 6882
2 84155
2 170734468
2 51815
2 92712
2 41602
1 137 7266
1 155 3901
2 79397
1 107 2158
1 217 4884
1 89 3833
1 307 2471
2 39048
2 36882
2 5662
2 79287
2 488106869
1 259 9191
2 40836
1 591 9894
1 154 329
2 993606506
2 75979
2 2116
1 333 8542
1 633 4207
1 469 9033
2 73291
2 11158
1 122 4124
1 211 7172
1 403 5091
1 214 5331
1 369 3830
2 62181
2 44318
1 369 7790
2 13346
2 67048
1 394 4492
1 296 9352
1 106 3851
1 266 5763
2 32766
2 19657
2 2559
1 1 1964
2 38419
1 397 7088
1 557 1975
2 1685
1 312 8619
1 179 2956
2 97033
2 84338
1 66 6910
1 197 7475
2 3076
2 8753
1 554 2961
2 72919
1 240 5435
2 15891
2 50176
1 297 6553
2 74410
1 568 1327
1 612 9523
1 628 902
2 28376
1 122 6610
2 694093934
2 57012
2 62324
2 47911
2 28651
2 798537421
2 54667
2 69504
1 648 9355
2 21165
1 188 9531
2 24143
1 6 3715
2 37986
1 105 593
1 426 8253
2 19705
2 91745
2 8388
2 91953
1 602 6138
2 6638
1 280 8862
2 42307
1 484 2359
2 209667926
2 58159
1 361 4888
2 88400
1 607 2780
2 683614745
1 493 576
2 10349
2 79219
2 94475
1 389 5399
1 148 9046
2 66033
2 70353
1 575 7668
2 806301582
2 99710
1 34 1858
2 54117
1 18 9251
2 651040925
2 37932
1 10 4642
2 31238
2 9821
1 454 6675
1 527 4873
1 425 1329
1 565 8492
1 492 779
1 549 4586
2 61484
1 31 3856
1 571 4769
1 536 8584
2 903238205
2 1020
1 461 3415
1 174 1909
1 275 1540
1 49 6150
1 59 74
2 94193
1 434 9406
1 482 1909
1 305 2234
2 26382
2 2914
1 136 9495
1 140 976
1 656 4453
2 11738
2 49268
1 60 8657
1 59 7589
1 664 6224
1 587 3096
2 2944
1 625 6213
2 16756
2 261002606
1 379 6805
1 251 691
1 529 1510
2 44100
2 529941348
2 66434
1 116 2548
2 51219
1 626 8842
2 971324776
2 28004
1 372 9986
1 614 2566
2 92641
1 347 8754
2 23767
2 15784
1 169 5143
1 398 2527
2 34384603
1 122 3841
2 43671
2 60192
2 93201
2 383359735
2 10177
1 13 3950
2 72038
2 45173
2 589886430
1 183 8315
2 26410
2 81525
2 39930
2 913266386
2 27505
2 39120
2 53902
2 88064
2 442825506
1 130 5147
2 70716
2 53728
1 640 7695
2 110857300
1 53 3868
1 564 8548
2 55892
1 208 3226
1 453 6066
2 54381
2 87682
2 28660
1 178 7819
1 345 7172
2 6507
1 652 6686
1 345 8181
1 634 8989
1 414 3989
2 2212
1 272 2324
2 99111
2 47618
2 359705736
2 84107
1 255 9415
1 586 5751
2 82441
1 249 8551
1 423 5693
1 290 8009
1 232 4816
2 42875
2 60953078
1 31 6859
2 71475
1 220 8993
1 411 7172
1 412 1904
2 70765
1 344 3225
1 492 5566
2 33629
1 241 8759
2 99103
2 1972
2 81355
1 229 7452
2 670268572
1 48 2478
1 309 718
1 590 325
1 661 1657
2 870976755
1 302 2500
1 105 4145
1 204 1287
2 79008
1 81 7848
2 63227
2 26174
1 440 11
2 81629
1 253 7752
1 414 1512
2 80914
2 13423
2 84903
1 253 7388
2 64884
1 368 7320
2 90965
2 49582
1 67 3995
1 580 4740
1 374 439
2 25424
2 90614
2 352357341
1 661 5979
2 62289
1 398 9753
1 358 2036
2 419934393
1 569 1943
1 537 5077
1 650 4862
2 86184
2 279652382
2 6062
1 524 6838
2 46516
1 369 6849
1 648 2769
1 590 2623
2 33090
1 261 5426
1 540 8852
1 368 2343
2 52960
1 118 5371
1 212 9975
1 161 7792
2 194198208
2 99725
1 392 2041
1 643 8440
2 86365
2 973352602
1 18 2719
2 77315
2 57415
1 133 9537
2 136428808
2 53552
2 2166
1 406 8886
2 4797
1 590 1386
1 357 5635
2 20264
1 473 3171
2 85644
2 988161054
1 4 2811
2 67744
1 40 7902
1 249 6556
1 632 3995
1 572 5689
1 395 7316
1 125 9657
1 340 971
1 646 6458
2 18010
1 111 518
2 73065
2 48601
1 148 5866
1 100 736
1 25 3254
1 651 6430
1 99 9071
1 186 6915
2 24696
1 450 8988
2 87937
1 474 2014
1 117 9524
2 54703
1 474 4501
2 65213
2 20427
1 224 4252
1 270 5318
1 171 2867
2 48830
2 35773
1 632 6101
1 191 5686
1 141 9583
2 83571
1 168 7156
1 218 7873
2 21775
2 8137
2 44696
1 560 4850
1 239 3841
1 284 2996
1 236 5300
2 35772
1 253 6115
1 96 4706
2 41617
2 37138
2 73480
2 37764
1 610 4081
2 77226
1 29 7151
1 447 6732
2 91640
2 148275600
1 272 1199
1 485 3402
2 24697
2 80509
2 296112719
2 88815
1 39 8812
1 597 3823
2 9904
1 620 8736
1 488 3254
1 578 1352
2 66649
1 343 7966
1 36 2218
1 372 6590
2 8034
1 423 9699
2 82834
2 7665570
1 533 100
2 98823
1 105 4783
2 40374
2 445813516
2 13386
2 65880
1 470 6618
2 59639
1 207 741
2 60318
1 225 8705
1 102 2605
1 249 8338
1 531 8640
1 491 8711
1 99 672
2 23809
2 12454
1 54 4478
2 65613
1 155 8029
2 82290
1 556 2896
2 994227241
1 524 6396
2 6882
2 62034
2 11674
2 519166550
1 101 4353
2 12077
2 64847
1 6 6821
2 645558871
1 440 9627
2 71336
2 97403
2 82809
1 199 3947
2 55770
2 93162
2 24386
2 76702
2 243999902
1 364 4380
1 159 8618
1 592 5525
2 84760
1 484 1814
1 369 8984
1 421 9353
1 528 5699
1 245 6520
2 708952453
2 33699
1 460 379
2 3174
1 663 6169
2 76082098
2 67817
2 35983
2 99076
1 191 1358
1 424 7511
2 92967
1 592 4997
1 607 6374
2 19213
1 626 8376
1 433 9216
2 58658
1 662 6640
2 74325
2 750296454
2 39391
2 39380
2 31053
1 447 1164
1 624 5434
1 506 5681
1 351 2942
2 70361
1 291 5028
1 474 521
2 27365
2 34699
1 442 2012
2 11874
2 141936918
1 414 3263
1 333 83
2 69906
2 49255
2 391544335
2 44376
2 72192
2 42557
2 11656
1 495 6408
1 14 7098
1 424 9032
1 92 2683
1 572 7200
1 602 1018
1 534 6274
2 33029
1 370 8026
1 40 1349
2 333198405
1 562 8385
2 45335
1 373 455
2 4554
2 737696421
2 14119
1 375 2943
1 527 3805
1 607 9795
1 649 3024
1 305 4074
1 546 3637
2 53890
1 237 7632
2 733663327
2 49424
1 310 2889
2 38375
1 599 4145
1 360 6271
2 91860
1 39 3246
2 27209
2 89790
1 480 8653
1 192 2413
1 467 251
2 20289
2 92142
1 6 1424
2 98328
2 21157
1 10 2761
1 354 515
1 651 2195
1 44 384
1 421 1149
1 345 441
1 623 4713
1 369 2251
2 51621
2 50277
2 41811
2 6430
1 302 3521
1 59 2229
1 364 5336
1 20 9719
2 54283
1 529 7489
2 44114
1 43 3073
1 498 4847
2 43639
1 504 4677
1 349 3717
2 69849
2 54242
2 83662
1 216 9458
1 647 7126
2 40182
2 63182
2 65354
1 451 9979
1 187 2898
1 155 1065
1 54 7833
2 46942
1 514 3990
1 29 784
2 65410
1 423 4241
1 661 6193
2 517153125
1 139 6215
2 96916
2 31011
2 23213
1 618 6927
2 30989
1 200 6531
1 258 6003
1 228 555
1 273 6536
2 7106
2 28365
2 12496
1 179 1863
2 555442438
1 42 98
1 360 6913
2 97112
2 32381
1 284 3715
1 45 9845
2 81541
1 15 511
2 53908
1 590 2972
2 69281
2 86197
2 9235
1 100 1655
2 590748759
2 64766
2 82365
2 66080
2 14539
2 990809479
1 536 8618
2 71095
2 45796
2 2523
1 514 4715
1 430 8201
2 7962
1 602 6539
1 576 1488
2 386040803
1 124 5219
1 625 9776
1 197 2266
2 94026
1 347 9244
1 46 2587
2 48528
2 12745
1 378 631
1 124 747
1 113 7413
1 367 6873
1 409 921
1 370 7812
1 193 4365
1 124 9121
1 470 7297
1 451 3888
1 535 5670
2 98891793
2 54087
1 57 4309
1 196 2669
1 387 538
2 144753901
2 94614
1 513 8740
1 235 9133
1 330 9171
2 54850081
2 94066
1 383 395
1 258 9956
1 344 6142
2 8769510
1 510 5083
2 86231
2 17130
2 26550
1 299 6084
1 266 9742
1 404 9404
2 49003
2 11141
1 458 175
2 80374
1 66 9371
2 27336
2 75434
1 205 7920
1 561 3913
2 17194
2 33044
2 47822
1 18 355
1 424 8443
1 368 2633
1 146 3820
2 47146
1 118 5171
1 226 121
2 16837
2 62940
1 216 7538
2 389160292
2 29979
2 16964
2 38193
1 618 5223
2 974319838
1 599 8342
1 257 4302
1 293 5510
2 52881
1 534 2948
1 221 1410
1 473 2692
1 317 3306
2 21061
1 85 2728
2 75527
1 74 1416
2 77424
1 50 9105
2 477979928
1 253 6962
2 19324
2 92687
1 114 8115
1 183 6545
1 150 696
2 76997
1 514 9459
2 62176
2 849616130
1 330 8402
1 328 7135
1 356 8102
2 94351
2 192546750
1 417 1734
1 100 2810
2 50994
2 12165
2 173727520
2 62690
1 61 2720
1 400 942
1 631 9832
1 652 529
2 5707
2 3077
1 617 4420
2 33517
1 586 6077
1 272 433
1 536 6159
1 284 7114
1 221 9000
1 141 4752
1 639 9712
1 373 3330
2 48274
1 336 9453
2 560785626
1 502 3455
2 77523
2 7631
1 40 7354
2 14117403
1 447 6902
1 614 9396
1 341 9994
1 345 3530
2 994468402
1 345 3801
1 61 7065
1 267 5070
1 578 5876
1 319 9526
1 47 7103
1 191 3843
2 8001
2 36408
2 271720764
1 507 1948
1 303 4473
1 116 8951
1 180 8960
1 474 954
2 22084
1 34 5165
1 83 2711
1 573 6056
2 531048683
2 67048
2 53054
1 510 375
2 45697
1 553 5643
2 34512
1 217 2467
1 155 4069
1 322 3060
1 360 574
2 34807
2 31334
1 389 1062
1 510 3232
2 55207569
2 81986
1 15 70
2 44618
1 232 9162
1 180 9433
1 207 75
2 9697
1 478 5440
2 71840
1 585 5434
2 46633
2 99516
2 84055
2 41740
2 159323944
2 60041
2 17088
1 451 3049
1 559 6397
2 513498157
2 23642
2 67682
1 363 4702
2 12538
1 207 4035
1 158 1697
1 130 879
2 11041
1 560 3917
1 642 109
1 413 3877
1 541 3100
1 490 3614
2 57583
2 652298835
2 23708
1 481 3047
1 410 5110
2 11520
1 124 6037
2 65001
1 456 8208
2 18633
2 98083
2 489595911
1 530 8068
2 3347
1 153 1324
2 54551
2 83931302
1 298 643
2 13708
1 116 3913
1 290 4075
2 176656115
2 28028
2 56072
1 549 4012
1 636 1021
1 217 9511
1 66 1197
2 68287
1 264 6671
2 91306
2 601220312
2 10296
1 82 6830
2 74340
1 370 3437
2 876769706
2 8989
2 17604
2 67600
2 84336
1 593 8971
2 36999
1 463 8276
2 17312
1 198 4298
2 59457085
2 44862
2 90622
2 6858
2 40849
2 494150488
1 151 3613
2 98165
2 90362
2 58879
2 78674029
2 76581
1 226 7513
1 257 3523
2 88123
2 60296288
2 66574
2 60712
1 353 2075
2 53
1 105 9808
2 79688
2 62350
1 559 3555
2 19039
2 987965342
2 84429
1 374 2732
1 62 7487
1 615 9002
1 248 3987
2 15234
1 146 9187
1 400 2908
2 57385
1 445 5946
1 136 9776
1 464 6339
1 106 2551
1 488 322
2 324885844
1 33 2243
1 220 2416
1 7 9037
2 45234
2 726043521
2 79904
1 656 4510
1 257 8732
2 76989
2 704723711
2 80475
1 227 940
2 94530
1 310 1243
1 149 3871
2 68710
2 65690
2 36751
1 512 5925
1 303 7992
1 638 287
1 227 686
1 506 3618
2 46927
2 319707919
1 288 4539
1 87 9186
2 55440
2 15212
2 260450245
1 337 1786
2 61898
1 664 3477
2 84057
1 239 3973
1 65 5653
2 59377
2 89097
2 46124
2 78665528
2 43618
1 642 6959
2 50134
1 650 8398
1 478 5927
1 223 6901
2 90735
1 171 885
2 98243
1 187 2340
1 508 2139
2 74704
1 334 3627
2 43550
2 802242049
1 169 6766
2 26472
2 86086
2 75674
1 154 3851
1 609 176
1 619 2009
1 249 3087
1 175 7161
2 42617889
2 1000
2 73610
2 13953
2 61441
2 83426273
2 73936
2 22006
2 74354
1 162 6501
2 193700384
1 62 7774
1 565 3469
1 270 8173
2 51683
2 401287600
2 70891
2 40748
2 82966
1 271 667
1 163 7121
2 29407
1 639 4973
2 65098
1 28 8338
1 136 7245
2 22340
2 17860
1 264 1251
2 6748
2 481151429
1 551 5373
1 348 6464
2 64711
2 66040
1 182 599
2 44579
2 68634
2 76407
1 170 2871
1 217 3938
2 13956
1 38 1420
2 28195
1 134 8202
2 817393348
2 83256
1 522 1582
2 80979
1 36 1814
2 66949940
1 662 7754
2 3719
2 28244
2 47949
2 232895098
1 402 6031
1 299 3454
1 642 792
1 519 5713
2 619644977
1 132 2270
1 117 480
1 316 8907
2 11263
2 820786719
1 36 3824
2 97935
2 82001
2 95348
2 691858537
1 615 302
1 375 2592
2 28198
2 45787
2 173006285
2 69962
1 182 5059
1 169 7968
1 22 4234
2 953490094
1 440 156
1 138 7041
2 15415
2 72835
1 118 1993
2 89702
2 92854
1 6 9591
1 242 9038
1 474 3497
2 17056
2 66244
1 515 8844
1 285 6463
1 422 8346
2 85316
1 384 5481
1 45 354
1 651 1551
1 627 5965
1 560 187
2 60870
1 569 7861
2 9573
2 198551108
2 37973
2 89261
2 2490
1 131 4765
1 41 8522
2 12761
2 12566
2 85340
2 62536
1 301 3584
2 42036
1 439 4412
1 386 59
2 62731
1 44 5735
2 36492
1 196 6565
2 32633
2 15917
2 45552943
2 42603
2 29557
2 60820
1 594 6924
1 268 9678
1 425 5936
2 61690
1 184 6407
2 80340
1 357 7671
2 10332
2 95625
2 4303
2 41451
1 562 3975
1 557 6038
1 448 3638
1 171 3200
1 273 5139
2 475736545
1 52 6290
2 65874
2 46548
2 57008
1 257 334
1 530 4732
1 471 1563
2 89253
1 116 2354
2 255404573
1 204 7171
2 33864
2 92227
2 31332
1 225 8082
1 243 7303
2 5612
2 66840
2 81862
2 183672973
1 69 9914
2 98878
2 53688
2 87211
2 66538280
1 284 139
1 116 808
2 10264
2 67203
2 708552569
2 63563
2 91422
1 354 7161
2 27821
2 95787352
1 196 2465
1 94 7142
1 459 923
2 3949
2 294223360
1 40 8677
1 60 3116
1 410 3069
1 403 9898
1 615 4297
2 16990
1 288 8667
2 16839
1 41 7413
1 510 1428
1 252 9090
1 121 1075
1 520 3348
2 83050
2 176773285
1 414 64
2 62578
2 19689
1 225 9241
1 280 5931
2 29276
2 48529
1 589 6654
2 10226
2 143937512
2 63424
1 588 2624
2 27691
1 260 4870
1 150 9352
1 194 3426
1 72 9755
2 28587
1 533 5548
2 547396470
1 615 2530
1 46 3989
1 217 6884
2 99582
1 44 9367
2 35832
1 193 6400
2 94219
2 25535
2 177778420
1 299 3452
1 167 9711
2 21593
2 82416
1 528 7964
2 30262
2 94391
1 242 1756
1 61 4624
2 384249578
2 16453
1 606 1125
2 14027
2 8481
1 558 9229
2 38481
2 51458
1 370 6821
1 360 9311
2 800576577
2 66383
2 5997
2 64394
1 595 1781
1 26 3867
2 39980
2 33817
1 424 4599
2 61806
2 573349512
1 558 9516
1 11 1453
2 4356
2 46728
2 261199164
1 477 2840
2 953
1 498 8887
1 221 7257
2 833032403
2 75265
2 85459
1 586 5276
2 69595
2 9492256
1 586 4953
1 594 9568
2 46115
2 5509
1 598 1467
2 2361
1 358 131
1 597 2623
2 26490
1 624 3441
2 73570
1 417 8376
1 341 4671
1 371 2785
2 282726193
1 9 7940
2 86215
1 309 6292
2 55251
1 314 5777
1 19 4200
1 508 2460
2 83195
2 65045
2 379373380
1 290 2284
2 96053
1 614 173
1 45 339
1 459 6383
1 469 3594
2 91506
2 13712
1 204 8037
2 649553703
1 197 3942
2 86943
1 301 4481
2 492
1 548 8356
1 242 59
1 575 6144
1 166 3841
1 72 901
2 381017074
2 98801
2 34831
1 42 9724
2 10113
1 59 4462
2 25404
2 30625
1 282 6213
2 89165
1 273 4448
2 43936
1 585 9327
1 196 4037
2 22235
2 343177724
1 491 435
2 214
1 328 3627
1 556 3169
1 452 2566
2 54187
1 570 3143
1 231 6698
2 11648
2 435436092
2 64106
2 40258
2 43462
1 19 9798
1 634 2291
2 13427
2 46014
1 556 9413
2 58707
2 615821087
2 37791
1 445 4448
2 37340
1 497 8532
2 490012693
1 209 703
2 33475
1 42 5137
1 422 628
1 634 338
2 20761
2 5479
2 29288
1 578 6308
2 442113654
1 160 6704
1 130 7748
1 114 4656
1 577 8149
2 910026295
2 4232
1 252 2803
1 82 31
1 230 6536
1 479 3295
2 60779
1 35 9019
1 580 5862
2 67596
2 247402248
1 617 5160
2 37635
2 63877
2 52831
2 231441859
1 239 1725
2 96170
2 31610
1 634 3724
1 332 1444
2 69253
2 14062
1 401 4448
1 9 9089
2 975470263
1 364 7137
2 16728
1 424 383
1 636 3720
1 227 4528
1 401 2359
2 28195
1 355 3931
1 353 5310
2 46299922
2 38168
2 43788
2 66800
2 59335
1 4 3461
2 29483
2 94215
1 439 6108
2 57438
1 240 1097
2 49460
1 617 5993
2 84724
1 637 3096
2 474147513
1 328 9239
2 33898
1 545 5386
2 29858
2 920130296
2 79876
2 39537
1 654 5673
2 31053
2 989198011
1 144 3451
2 63385
1 129 3986
2 61082
2 686214341
1 224 3448
2 19767
1 457 8925
1 439 8429
2 610050628
2 21870
1 611 6647
1 386 7002
1 133 6504
1 9 6925
2 63081
1 127 8847
2 69208
1 370 8959
2 296455553
1 220 9484
1 409 9989
1 99 5196
2 13920
1 189 5200
2 28129
1 538 2806
2 30106
2 70410
1 232 9021
1 191 2968
2 61032
2 36915
2 49449
1 488 1149
1 642 3895
2 76655
2 40830
2 32049
1 547 9672
2 7437
1 308 1985
1 120 8745
1 568 6174
2 284932838
1 202 8535
2 89206
2 54691
2 54191
2 382268843
1 13 9817
2 22680
1 349 2411
2 35092
2 600354674
2 72131
2 55588
1 435 6853
1 410 9896
2 500120179
1 416 2210
2 55020
2 6307
2 41711
1 228 522
1 124 3220
2 74358
1 83 9099
1 268 2325
1 447 551
2 34268
1 579 7869
1 395 5591
1 306 1604
1 231 4801
1 34 4313
1 609 6767
1 338 227
1 12 5312
2 265284483
1 137 9400
2 94142
2 56072
1 546 4644
2 736820656
1 294 8386
1 237 1330
2 30917
1 79 8024
2 247685983
1 271 1471
1 325 485
2 51116
2 70344
2 203471282
1 77 7249
1 37 4876
2 1799
2 8952
2 596453353
2 34966
1 25 2223
1 136 8928
2 24860
2 976507935
2 20100
2 98785
1 5 7374
1 49 5408
1 328 319
1 310 3396
1 186 7034
1 511 4633
1 550 9927
1 540 639
1 566 4862
1 68 6220
2 74055
1 1 4917
1 599 2370
1 68 3423
2 14924
2 77292
2 96005
2 932405746
1 218 9112
2 23901
2 917
1 525 2040
2 374762321
1 265 7457
2 66294
1 63 5558
1 140 1353
2 220678424
2 82486
2 35082
2 72441
2 37912
2 776322444
2 52105
1 294 3210
1 323 9167
2 50589
1 550 7386
1 128 5601
2 27894
2 18383
1 21 8367
1 621 2381
1 213 4945
2 19571
2 56862
2 55115
1 495 4958
1 36 523
1 193 8831
2 42010
2 94171
1 656 2071
2 47408
2 21184
1 120 4294
2 87899
1 466 2382
2 24101
1 418 1353
2 20785
1 419 8527
1 232 716
1 588 5562
2 83172
1 25 6222
2 72163
2 632324859
1 550 7580
1 269 3977
1 151 9213
1 651 8292
1 374 4740
2 511
1 128 6069
2 631
1 212 9397
1 612 8430
2 99185
1 572 9476
2 65192
2 25235
2 864555564
1 347 2071
2 82885
1 418 692
1 159 2931
2 29725940
2 53905
1 26 3069
2 42780
2 71874
1 596 3376
2 41224
2 87263
2 22171
2 46374
1 648 5282
2 71754
2 73203
1 256 827
1 343 3297
2 851571072
1 56 9336
2 73174
1 543 9163
2 4542
2 77746140
2 69393
2 35858
2 3023
1 388 1330
1 619 7369
1 644 8945
2 16887
1 615 5996
1 516 5861
1 73 5245
2 4286
2 79523
1 120 3229
2 69882
1 335 1882
1 657 3084
2 42378
1 349 3092
2 9956
2 729145843
2 72804
2 89655
1 52 9678
2 17265
2 839915182
1 634 1623
2 97687
2 81802
2 26616
1 173 329
1 499 2999
1 158 2914
1 284 5220
1 188 2296
1 492 1265
2 10927
2 90459
1 266 9541
2 98460
1 17 3106
2 2840
1 496 2618
1 586 7494
2 32972
1 237 6496
1 289 1787
2 19647
2 26524
2 5570
1 409 5563
2 51525
1 363 1423
2 92129
2 72047
1 147 9181
2 3291
1 28 2004
1 39 2359
2 86615
2 912950618
2 80222
1 264 7455
1 527 8018
2 19664
1 104 2748
1 127 8952
2 452
1 260 1862
2 54971
2 428088185
1 79 9886
2 86900
2 68769
2 67027
1 465 8759
2 95770
2 27056
1 233 7246
1 178 7832
1 187 1022
2 33153
1 506 1896
1 197 9840
1 92 4801
1 272 5836
2 22480
1 231 8577
1 478 7214
2 32943
2 32241776
1 595 2167
2 80896
2 87300
2 70018
1 453 2298
2 69346
1 136 1852
1 270 6625
2 93286
2 18433234
2 35533
1 13 5732
2 72942
1 614 7538
1 567 4756
1 294 3900
1 487 8550
1 606 6758
1 147 7577
1 470 6068
2 89560
2 67793
1 371 3730
1 584 5740
2 294492082
2 46432
2 47917
2 3895
1 62 5198
1 540 2786
2 94708
1 635 7784
1 623 5066
2 18502
1 660 507
2 45356
2 70819
1 353 5063
1 272 749
2 81087923
2 93126
2 12592
1 403 2210
1 329 1853
2 330145342
2 9136
2 25212
1 30 7926
2 88923
1 521 4910
2 61244
2 52225
1 360 8252
1 425 1063
2 661050549
2 25012
1 380 5975
1 461 2365
2 55195
1 471 4430
2 9800
1 487 7894
2 99466
1 487 6636
2 998122431
2 65042
1 533 1552
2 92825
1 295 710
1 258 4387
1 574 6865
1 211 5221
1 428 2895
2 75904
1 354 7935
2 63097
1 403 7409
2 26979
1 233 8235
2 892711453
1 49 4318
2 51394
1 192 5557
2 6099
1 45 7459
1 521 978
2 66967
2 59311
1 545 89
2 477414776
1 63 2905
1 119 4379
2 26300
1 67 4816
2 485661468
2 11146
2 56416
2 39280
1 301 1540
1 536 2847
2 55589
2 72461
2 39772
2 13889
2 5190327
1 618 4161
2 2694
1 626 4349
1 195 8169
1 620 5867
2 76720
2 55082
2 44306
2 72792
2 316387473
2 68660
1 565 1056
1 336 9521
2 82553
1 495 8995
2 16050
2 42481
2 42463
1 45 8341
1 309 4080
1 10 3421
1 41 6400
1 566 1843
1 639 3982
2 771549809
2 54511
1 169 258
2 27888
1 48 2509
2 838231020
1 186 270
2 34065
2 1751
2 76293
1 491 6394
1 192 2113
1 379 1693
1 387 315
2 52222
1 357 3945
2 83869
2 2489
1 186 8030
2 83523
1 642 731
1 628 7725
2 55219
1 647 3619
2 68424
2 869478927
2 9026
1 414 8879
2 53913
2 31053
2 442250861
1 217 8194
1 487 6772
1 463 5601
1 343 1312
1 106 2015
1 433 4960
2 32816
2 65019
2 46441
2 491061323
1 182 5834
1 350 1452
2 29596
1 279 662
2 323235302
2 48197
1 216 7322
1 383 3882
2 53390
1 600 2535
2 16427
1 203 2071
2 29645
1 252 6575
1 124 2761
1 30 6918
1 482 6009
1 192 240
1 385 5984
1 509 9103
1 563 6141
1 187 910
1 604 7310
2 53980
2 842578792
2 94144
2 54892
2 86339
2 87108
1 229 2226
2 62454
1 252 8316
2 84453
2 2901
1 430 9725
1 177 1879
1 286 2067
1 303 3820
1 195 3213
1 205 9120
1 275 9101
1 222 4093
1 605 7635
2 2910
1 57 9753
1 641 8675
1 258 5230
2 16954
1 109 2275
1 236 8168
2 73781
1 401 1687
2 53972
1 291 8992
1 431 2925
2 92483
1 645 8494
2 77439
2 26602
1 362 4704
2 19477
2 34805
2 43912
2 18995
2 685492388
2 4954
2 62689
2 4955
2 12229
1 441 7727
1 223 1386
2 31612
1 375 7863
1 577 5222
1 257 1431
2 9395
1 55 2934
1 362 6637
1 543 6949
2 277376337
1 236 3355
2 78965
2 28462
1 211 6226
2 896568001
1 309 5989
1 497 1497
1 375 5174
2 83282
1 370 9712
2 88076
1 385 3447
1 197 3113
2 6909
2 773873277
1 349 2571
2 80784
2 15269
2 22616
1 291 4628
2 41040
1 354 2927
2 30321
2 36470
2 119291088
2 4951
2 47516
2 2147
1 71 6503
1 469 3836
2 41112
2 8310
1 207 826
1 406 73
1 601 655
2 44655
1 616 426
2 6070
2 66045
2 556663550
1 503 999
1 289 6349
1 6 1936
2 56603
2 436495980
1 351 7228
1 386 786
1 617 4583
1 161 5871
2 467144824
2 27383
2 63481
2 15308
2 87489
1 559 4898
2 39367
1 160 5986
2 21605
1 79 2765
2 686538361
2 93782
1 554 9590
2 35563
1 326 8435
1 267 460
1 4 4677
1 271 6613
1 443 3413
2 58962
2 229206317
1 263 4695
2 4413
2 20952
1 596 5617
1 444 5179
2 65992
2 38496
2 48172
2 54645
2 96799549
1 538 2002
2 37815
1 452 339
2 41911
1 580 9320
2 16280
1 374 9179
2 5826
1 453 2728
2 975823496
2 98167
1 578 4094
1 367 6704
2 10117
1 388 5943
2 90105
2 47559
1 457 2168
2 81150
1 265 2840
1 650 687
2 42782
1 214 9155
2 28558
2 324198411
1 348 6062
2 38702
1 605 2269
2 58072
1 180 8225
1 140 7483
1 458 5210
2 5933
1 107 2758
1 492 9387
1 478 9268
2 11529
2 1758
1 499 5498
2 432054158
1 460 6187
2 10072
1 178 9297
1 614 5412
2 747702634
2 52557
1 80 5721
2 92821
1 402 3837
2 328971690
2 59123
2 49253
2 85585
1 469 8880
2 786422380
1 623 4875
2 33949
2 79366
1 543 5862
2 385770935
1 58 2747
1 642 553
2 36834
2 6544
2 897839441
1 271 6510
2 64965
1 221 4457
1 114 8965
2 702038442
1 427 7743
1 564 3801
2 45128
2 95563
2 966720167
2 74865
1 211 4596
1 454 657
2 76055
2 730625379
1 63 3795
2 62055
1 115 5827
2 6754
1 380 1237
1 111 4042
2 24722
1 96 6929
2 78104
2 109077229
1 219 6455
1 476 5547
2 16597
2 15821
1 532 9398
1 84 5793
2 35205
1 293 4082
1 52 677
1 137 193
1 178 3600
2 46557
1 547 1751
1 642 7593
1 268 4591
2 84641
1 439 4966
2 30415
1 314 9729
1 554 4674
1 85 6292
1 495 5613
2 69657
2 790
1 402 5460
2 81990
1 596 9516
1 81 4682
1 130 3885
1 51 9936
1 238 616
2 55098
2 25203
2 45636
2 434148082
1 664 2134
2 77814
1 86 4851
2 99248
2 69505687
2 12670
2 42513
1 180 4080
1 444 3094
1 69 2681
2 80170
2 46515
2 26536
1 549 834
1 115 511
2 45895
2 99378
1 200 8476
1 246 7325
2 336899749
2 35596
2 39855
2 640
1 654 8020
2 956248121
1 543 8953
1 59 6829
2 24829
1 529 3485
1 264 8422
1 332 4103
2 6333
2 66638
2 82532
