991
4693 3016 7143 9652 8025 484 6581 2882 3392 177 509 8804 7659 7562 6114 7292 3453 9127 5082 8182 8572 420 4158 4346 8010 7620 3179 8867 9077 579 7161 8617 200 4416 8868 4724 784 2495 5185 6951 5871 3325 8433 2670 5276 460 1702 6578 9717 3404 8646 4938 719 1306 122 3105 3638 3344 3198 8024 2793 3482 5142 6193 6246 8339 7785 8118 1682 9270 4276 6658 1201 124 9367 5497 9493 6049 2386 6607 4281 3027 650 8534 8002 1021 4880 7035 7600 4221 1507 9256 6474 9269 9113 5965 9153 5045 3677 4062 1781 9275 4010 8934 8438 429 41 8028 349 8539 9472 3381 9908 7138 5784 87 8181 2333 9947 4380 4550 790 258 8979 7862 4204 1002 5716 7140 6314 8869 4058 9927 1595 4506 9069 5814 4733 365 3855 529 2653 5985 3061 3618 7677 447 1492 8380 3556 2070 3139 9462 7985 1852 9877 9810 8626 8845 7087 4358 1646 5154 9565 5368 2090 3585 3750 138 1072 3795 6284 4440 970 7995 5787 2873 4195 6790 691 5164 307 3212 5002 4012 7152 8960 4705 9868 9240 7523 5809 3002 4864 4539 1123 4475 8158 4499 204 91 1278 9637 6166 7684 7488 4912 813 8597 3225 467 4696 4903 423 8000 2123 7584 15 7945 1400 1083 9580 4689 4743 294 4675 1649 6780 3254 5530 7610 8234 2104 2258 8794 659 2705 7120 3970 7261 4927 260 653 3584 8518 4182 1972 7732 1955 10 724 9146 4987 9109 1600 708 6403 425 8362 8397 9670 6829 3406 2483 968 638 6290 936 2553 3080 862 523 4181 4594 5569 7329 2371 9893 1471 4867 7421 6042 7115 1522 4796 3312 3576 8375 3351 5892 5697 6092 7555 3046 2738 3921 3150 9254 1986 197 5260 6752 6069 8481 9777 7948 8045 3410 8830 1563 7252 8219 2033 8284 6007 8489 8853 6677 3769 8231 1306 701 7696 6990 5807 6080 6395 5516 5631 5829 5064 8198 4893 8084 6514 1741 8917 9356 2431 5854 9080 5397 4139 6593 9710 8002 7543 7692 8092 202 7758 7795 4976 9138 5153 2045 520 1946 5560 8174 3998 8026 463 5228 2972 1607 436 5106 8688 7872 170 8687 1126 9360 9941 5706 1833 4609 9275 444 429 7348 7834 1534 3131 2751 9280 1959 6690 1412 3331 2641 6665 7403 1351 1783 5021 2281 3108 3462 3424 4805 3309 9178 362 1973 7684 993 7278 2291 2188 5922 9204 4932 5780 3438 9065 4414 6639 707 5509 4806 7426 6573 9013 920 8039 2141 4288 3680 6863 594 5126 2605 8084 5569 933 6037 1559 1286 9105 999 767 6285 7165 1480 8089 5146 7061 1212 9145 253 2017 4997 7756 4153 5722 546 1564 1572 9348 5180 8492 1460 2287 9740 6852 1220 307 3376 7422 335 6445 7606 5866 9501 3507 8065 3628 2713 2339 129 6304 3848 6122 1042 9602 9013 5955 9197 4545 597 4290 9225 9524 8638 6917 7274 1543 2870 2487 5252 4011 4485 2532 9489 1658 8280 4790 6305 7395 7424 2494 6629 1922 6715 1467 3877 6360 9541 2983 1907 1761 5705 1817 9387 1469 1291 5167 4914 607 3381 8935 9281 2891 36 9776 6668 2045 8026 829 2534 5505 4171 2151 7669 8027 4298 411 4490 6581 8043 7535 8580 8908 9495 2661 6306 6515 7582 7686 3951 3681 8717 5335 8066 8292 8790 6696 7962 5440 999 3162 3301 3713 3112 6903 6304 7083 9771 5729 6420 2315 8761 1110 3714 1047 5609 9674 4722 7452 5246 55 8526 4209 3128 5210 3057 9572 131 9355 1002 8325 9731 1838 2677 9881 9801 3845 1980 5934 1009 1866 8508 1078 2285 9961 5713 1984 7070 9629 2225 2997 7108 3460 4000 917 6116 9955 6376 8481 9773 3106 5347 5666 6333 7092 135 9731 8356 7182 7663 9445 5224 2800 9707 4970 5066 125 9367 2811 294 1379 9355 2411 7522 7270 7545 3327 1152 2395 4750 190 5541 2184 1428 7407 6418 7541 4001 1477 6669 5593 686 7547 4150 1707 6504 3235 8054 7637 5849 3931 20 7872 7559 5151 4800 9046 464 8186 416 6513 9348 5384 4053 6001 2388 3765 1497 3705 1568 9065 6887 2955 8164 138 7439 5530 7915 2379 8561 3289 7623 1262 1382 8548 8184 9829 1138 3104 3862 1022 164 5475 1810 4078 9208 3741 7557 839 8174 7287 690 4306 6152 2672 2018 4827 1218 4438 5441 4841 9719 7138 194 2318 5088 2624 9343 5694 1100 7230 8868 7416 2511 380 2453 2327 4091 5128 1496 5275 3205 180 3622 6017 4451 8201 2270 8892 8328 4329 2879 3320 535 9812 1824 7936 3919 381 8453 9618 5586 6973 1095 9928 3133 8849 944 9889 6757 9508 4840 9864 6272 6549 6766 516 4730 9719 6055 4414 5909 3075 3466 3869 9120 5755 7958 858 3881 1747 8880 1000 8793 8948 2973 9348 762 3719 9970 4930 9086 7149 3213 5743 9304 1885 3729 7284 1650 132 7760 5294 7131 9634 2879 2373 5262 8601 5037 5975 8720 2670 2729 555 2822 6810 6281 3830 5697 7780 9373 5712 8345 4223 9861 477 3600 6804 8735 8899 1182 9449 2365 6723 9754 308 8797 1236 2105 2286 1542 3315 4431 4987 9427 4963 4517 3663 4776 3284 4733 7136 1483 1506 8621 7137 4361 5401 910 7612 5722 1875 4656 8738 1435 677 8117 8836 885 328 2689 6222 871 1349 68 2728 4209 5626 4421 2434 2039 436 8474 2240 430 7785 4945 9495 5427 1995 5808 2657 9757 1969 851 1946 6712 6998 5286 2128 5950 6815 7772 8725 3358 7451 2918 7599 3029 3767 3519 5062 1482 9288 2457 9907 7468 9507 4168 9487 8948 310 5799 2666 9458 3375 2773 8745 7960 6987 487 1132 3777 5258 5261 916 3736 4036 4972 248 1464 7382 2338 3733 2285 4003 9798 9082 2341 7813 2888 9976 7484 4644 9936 7366 9111 254 8542
1 970 1731
1 405 2815
1 619 2481
2 91854
2 559899462
2 80578
1 381 8490
1 599 5792
1 771 5037
1 215 6905
2 15673
1 559 6038
2 7331
2 73146
1 220 4296
1 661 839
1 26 1469
1 455 33
1 118 4292
1 744 4330
1 462 1419
1 989 3459
2 68898
1 948 7971
1 128 9401
1 48 2479
2 90580
2 83928
2 35627
1 689 6677
2 97203
1 465 8483
2 50226
2 89988
1 827 7590
1 847 3699
2 61184
2 11425
1 768 83
2 741361645
1 136 4168
1 518 5220
2 18256
1 316 9765
1 711 755
2 2937
2 50539
2 33721
2 87631
2 422309478
1 974 8463
1 148 2461
2 79589
2 80873
2 207903513
1 320 6382
1 935 8684
1 70 7956
1 747 3373
1 42 1056
1 679 5240
1 757 755
1 234 2788
2 29803
2 498641544
1 804 8607
1 940 4057
1 462 9018
1 488 6436
2 333851590
2 10859
2 65798
1 777 4565
2 51774
2 369656466
2 47976
1 646 3276
2 61129
2 7841
1 368 8140
2 79948
2 23728
2 50760
2 20077
2 369193373
1 973 9689
2 50996
2 54610
2 49214
1 735 9297
1 235 5716
2 74806
2 59677
2 13152
1 964 9709
1 670 3717
1 866 7194
1 444 9537
1 254 1582
1 155 6907
2 34448
2 88505
2 93874
2 43734
1 110 6431
2 97367
2 29671
1 601 5918
2 53758
2 434496849
2 90900
2 17334
1 78 3090
2 45152
1 358 8027
2 25636
1 18 4828
1 393 7661
1 18 8863
1 818 451
1 799 4567
2 55371
2 56743
2 65690
2 805478551
2 79562
2 28560
1 208 462
1 322 1384
2 954544240
2 2808
1 522 4211
2 9228
1 512 7672
1 533 755
2 61
1 115 3321
1 874 5584
1 500 9608
2 339713022
1 349 19
2 88753
2 85970
2 80109
2 840869201
2 28309
1 563 5899
1 949 471
2 66230
2 831724379
1 799 6526
1 749 6181
1 455 3245
2 25623
2 467089611
2 72083
1 302 9037
2 27423
1 454 1165
1 365 7658
2 43078
1 386 432
2 99199
2 15311
2 668287654
1 743 9975
1 983 2760
2 135
1 982 7351
1 201 2557
2 65498
2 62737
2 15626
1 464 8231
2 318678709
1 253 6534
1 17 7760
1 29 5790
1 600 5704
2 252890712
1 786 9836
1 480 9863
2 72877
2 13589
2 944796923
1 868 2576
1 514 7587
2 99102
1 850 129
1 561 292
1 899 749
1 881 2455
2 13085
2 15
1 421 3865
2 6722
2 54664
1 656 6290
2 91012
2 146873507
2 70231
1 879 5632
1 251 4301
1 487 3461
2 424823087
1 220 1157
2 26739
1 567 1429
2 9632
2 839247761
1 791 9231
2 90516
2 62839
1 356 9678
2 296714690
2 61054
2 3098
1 513 647
2 93457
2 709405084
1 369 5568
1 657 161
1 696 9012
2 92433
2 9863927
1 3 3839
2 57047
1 546 8781
1 144 6567
1 557 2178
1 153 8488
1 906 3887
1 283 3384
2 75528
2 134668340
2 45743
2 29173
1 623 5993
2 98251
1 489 5004
1 726 9287
2 55022
1 621 4531
1 295 1078
1 794 5973
2 29095
1 671 201
1 815 5199
1 432 8344
2 417725390
1 13 7850
1 979 3384
1 28 4842
1 635 652
2 424705906
1 205 448
2 12938
1 483 1162
2 54741
2 930060074
1 128 985
1 502 9711
1 442 5827
2 75023
2 729204213
1 671 6345
1 567 4229
1 531 5658
1 237 159
2 137988686
2 82413
2 24895
1 214 888
1 71 2469
2 522957263
1 273 9619
2 7702
2 85611
2 25008
1 728 403
1 714 8368
1 253 7939
2 22262
2 34561
1 960 3091
1 522 7803
2 39716
1 508 100
1 864 3250
1 910 9893
1 557 6234
2 78202
1 726 7675
1 727 7779
2 115257395
2 54385
1 516 4178
1 231 9487
1 412 3316
2 345643023
1 108 2424
1 607 892
2 91037
1 5 2511
2 64594550
1 795 7410
1 195 9937
1 411 8701
2 29903
1 869 3167
2 12480
1 172 8008
1 905 5639
2 10227
1 119 6582
2 13734
2 66023
1 98 9571
2 51421
2 137072294
2 80572
1 644 361
1 386 2905
1 671 3275
2 730709176
1 57 2130
1 512 1458
1 308 4775
1 62 7715
1 294 5164
1 494 7188
1 45 6470
2 32236
2 74661
1 926 3469
1 104 8393
2 37625
1 44 773
2 57963
1 611 862
2 64043
2 93422
1 543 4063
1 242 4718
1 502 9492
1 773 6593
1 419 3446
2 24485
1 774 7695
1 135 7074
2 95375
2 30784
1 376 7944
2 2863
1 817 3157
2 13617
2 29879
2 60625
1 403 2112
1 483 8816
2 92133
1 251 312
1 455 2966
2 22026
1 548 3621
2 19366
1 45 3641
1 800 3763
1 263 5785
2 263393373
2 34529
2 36760
1 489 5473
1 335 44
2 833587567
2 50889
1 160 8524
2 82429
2 50077
2 15689650
1 424 8988
2 82837
2 2402
1 449 8653
2 435098643
1 291 4875
1 205 9479
1 797 4503
2 47523
1 209 5199
2 88936
2 37786
2 85368
2 95055
1 2 5714
1 385 2704
1 599 7518
2 70514
2 34225
2 35601086
2 73842
2 65032
2 94164
2 54617
1 457 4163
1 249 4967
1 771 1117
2 7314
1 949 2868
1 896 2890
1 901 1661
1 49 6849
1 770 713
2 39386
2 273725289
2 76990
2 22144
2 30963
1 317 8972
2 970228861
1 799 8225
1 458 8236
1 113 833
2 1506
1 441 9337
1 866 5869
2 4533
2 35705
2 45528
1 915 6793
2 9656
1 751 5090
2 97874
2 41446
2 369505347
2 74584
1 562 1283
1 806 2813
2 15341
1 460 1110
1 194 9597
2 76794
1 206 7234
1 956 1806
2 353570179
1 97 9829
2 18501
2 60709
2 69998
1 776 3167
2 40559
2 59612
1 669 7803
1 773 4529
2 487218945
2 51502
2 20687
2 56877
1 438 9303
1 826 4173
2 17341
1 309 8371
2 30415
2 22619
1 978 3434
2 92362
2 69278
1 453 108
1 980 1520
1 470 2493
1 680 814
2 21658
2 8759
1 55 1206
2 691754695
1 394 7771
2 53837
1 10 2485
1 544 3242
1 720 5464
2 52801
1 395 4651
2 9936
2 91720
1 421 1813
1 492 6567
2 43797
1 637 5739
1 38 7078
1 699 8720
2 97393
2 80271
1 838 8936
1 169 6977
1 806 4783
1 898 6967
2 9755
1 420 1764
2 7390
2 506238232
2 78448
1 640 1969
2 6503
2 93878
1 856 8567
2 28025
2 43761
1 80 2238
2 636
2 978485772
2 39875
1 668 5350
2 9075
2 25063
1 672 6456
1 742 5388
1 418 4265
2 29589
2 81650
1 31 1352
2 89902
2 42809
1 357 8143
2 81235
1 211 5332
2 50395
2 12437
2 43513
2 62704
2 754427680
1 384 6693
2 79876
2 92847
1 18 2095
2 622653591
2 25492
1 571 5396
2 59589
2 19973
1 10 2016
1 694 1147
2 52787
2 62547
1 44 2916
1 809 9730
2 45283
1 352 9183
2 2981
1 102 7248
2 105937339
2 83183
1 400 2677
1 682 3102
2 65510
2 63007505
1 808 9821
2 28607
1 935 8998
1 641 4154
1 641 8181
2 88613
2 23965
2 50439
2 77864
1 657 6019
2 62223
1 166 1773
2 54203
1 375 3058
1 394 5977
2 40017
2 46982
1 616 8272
1 482 2054
2 910149501
2 63785
1 237 9535
2 41122
2 45566
2 476246469
1 382 8264
1 228 6804
2 6553
1 923 3271
2 818309751
2 30107
2 98182
1 824 6492
1 357 7042
2 213001025
2 92698
2 90191
2 78546
1 731 8767
2 670195536
1 765 2832
2 63647
2 98082
1 891 8611
2 616355391
1 861 8037
1 136 4574
2 42518
1 759 2880
2 386105153
2 52372
1 540 343
2 41834
2 28821
2 410092229
2 40948
1 571 1712
2 42483
2 66705
2 707557002
1 366 9801
1 455 5797
1 754 4997
2 11367
1 883 7934
2 68878
1 845 1124
1 418 2373
2 27844
1 772 803
1 15 6882
1 920 8422
2 28170
1 400 9167
1 153 2737
1 2 3279
1 458 468
2 28275
2 38983
1 846 3400
1 426 9835
2 28664
1 550 4240
1 33 6827
2 466227752
1 461 2930
1 851 6973
2 18472
2 57064
1 305 3342
2 12981
2 83427
1 65 17
1 623 2917
1 523 6304
2 87168
1 16 9073
1 906 1827
1 968 1939
2 966397053
1 370 7556
2 79819
1 764 7106
2 50970
2 618917711
2 23847
1 783 4199
1 499 7846
1 887 3605
1 93 2491
2 77474
1 292 9269
2 87022
1 510 3062
1 678 6704
2 86852
2 4037
2 80662
1 518 5728
2 697375014
1 921 8803
2 13072
2 5218
1 686 757
1 688 4470
2 62224
2 66813
1 959 6651
2 40329
2 304623682
2 35165
2 7529
1 876 3781
2 20932
1 942 8472
2 71436
1 946 7216
2 48219
1 118 5517
2 241582735
1 655 6826
1 771 9302
2 60046
1 494 6646
2 734371754
1 406 2325
2 78867
2 1239
2 31311
2 231643139
2 74148
2 59917
1 911 1824
1 790 30
1 921 9742
1 390 2534
1 870 3287
2 7909
2 50401
2 214489739
2 88994
2 98565
2 55742
1 723 2362
2 688600835
2 59968
2 3698
1 2 9292
1 628 9863
2 274995375
2 26218
1 51 8008
1 583 5888
1 373 9014
2 285106463
1 347 1292
2 34415
1 306 4933
2 54461
2 154988727
1 57 6446
1 546 9511
1 197 8064
1 319 2829
2 621680591
1 570 6260
2 92545
1 535 9639
1 860 8075
2 341315598
2 32549
1 603 8315
1 935 7148
1 905 184
2 283405176
2 19550
2 69925
2 55431
2 58868
2 832083629
1 211 400
2 13434
1 717 8772
1 179 4013
2 788668355
2 72194
2 43945
1 291 9958
2 19548
2 83357471
1 648 4963
2 28450
1 59 5147
1 548 7671
2 389624235
2 2914
1 22 8060
1 662 5660
2 30219
2 347507636
1 892 2792
1 592 7087
2 94011
2 31481
2 40834456
2 8580
1 743 2322
1 630 1356
1 731 7082
2 943481532
1 678 3186
1 273 5937
2 76900
2 469
2 724616759
2 282
2 21191
2 5498
2 11740
1 249 4010
2 54408
2 25957
1 647 1749
1 103 2034
1 304 1079
2 80550
1 927 8483
2 70202
1 233 7056
2 183019418
1 960 2334
2 15101
1 504 9180
1 467 8950
1 752 852
2 73674
2 28667
1 237 7939
2 74462
1 847 4342
2 10763
2 49707
2 75246
2 31140
2 103830490
2 69504
2 97570
2 51497
2 26374
1 739 9916
1 59 5966
2 56023
2 66115
2 82286
2 984192541
2 76738
2 26797
1 974 1006
2 38108
2 141350941
1 4 4371
2 16930
2 11327
1 691 2688
1 723 8002
1 963 1876
2 25008
1 541 3561
2 44031
1 525 7616
1 217 1644
1 196 6770
1 659 8133
1 749 438
2 586895066
1 959 4831
1 656 2433
2 76014
2 41768
1 588 2303
1 892 4160
1 265 1165
1 385 5093
2 12097
1 685 4550
1 541 1750
1 129 9414
2 10222
1 67 6216
2 416227800
1 389 8947
1 195 7635
1 163 9642
1 230 639
2 896616240
2 29001
2 56664
1 421 4656
1 967 7835
2 139886847
1 789 7467
1 144 9104
2 7837
1 935 6080
2 264708735
2 40709
2 82118
2 42954
1 702 7963
1 711 4027
2 65414
1 281 5611
2 48686
2 2552
2 139102977
2 77492
1 375 8818
1 523 9992
2 23673
1 475 9402
1 463 6485
2 50655
2 65571
1 766 9916
1 325 2532
1 696 4105
1 611 8825
1 640 6139
1 776 2596
1 378 8523
2 37104
2 51242
2 87010
1 722 3803
2 898219944
1 359 905
1 304 1119
2 38675
1 85 833
2 578890865
1 372 5773
1 667 8768
1 505 3624
1 20 307
2 536330486
1 744 5060
2 2468
2 59291
2 82231
1 57 9894
1 791 8759
2 3633
2 23593
1 401 7972
1 19 7247
2 19521
1 900 613
2 54928
2 20992
2 877351237
2 1113
2 62819
1 373 1255
1 41 7093
1 219 4725
2 77970
2 74778
1 985 6538
1 280 893
2 898269981
2 84517
2 33208
2 55365
2 43765
1 754 8708
2 12393
2 33766
2 39119
1 542 1013
1 367 8177
2 33063
1 422 8604
2 1737
1 741 206
1 779 7267
1 984 1438
1 456 1749
1 610 2797
1 583 5622
2 858730888
1 530 96
1 132 5776
1 632 1839
1 973 9794
1 157 8055
1 807 1415
2 4171
2 41744
2 57153
2 325804954
1 613 7547
2 30242
1 863 855
1 76 2124
1 469 7487
2 53486
1 153 1285
1 458 3750
1 861 5977
1 189 8764
2 23473
1 514 7427
2 1765
1 265 5662
1 693 7101
1 472 9100
2 32725
1 551 8194
1 550 4163
2 463763580
2 72633
2 61503
2 66002
1 142 5927
2 759876525
2 1585
2 81569
2 3337
2 93953
2 873106027
2 90777
1 547 7572
1 655 2907
1 346 604
2 877581320
2 20769
1 597 1186
1 967 5447
1 660 1701
1 678 2025
1 640 4811
2 5320
2 84118
2 47237
1 307 6923
2 53863
2 71517
2 52960
1 857 6983
1 456 5655
2 47221
2 10891
1 279 505
1 981 6170
2 369626911
2 3234
1 423 8242
2 20129
1 85 9629
2 538069881
2 1222
2 54069
2 27378
1 148 7176
2 776381824
1 798 3876
2 43060
1 767 3847
1 798 4162
2 114399554
1 144 8002
1 271 1128
2 24273
1 672 2076
2 467597122
1 814 3238
2 53074
2 70316
1 396 3553
2 322341794
2 89928
2 37270
1 442 6444
1 743 1564
2 761190947
1 146 3711
1 191 8023
2 34459
2 21001
1 321 1052
2 29171
2 30453
2 84188
1 958 7501
1 450 5111
1 57 7148
1 733 7123
2 79825
1 746 3945
1 490 4215
2 4582
1 188 5191
2 21988
2 21682
1 829 2011
1 553 3758
1 598 4032
1 375 6735
2 71944
2 774039247
2 92393
2 16700
2 90317
1 727 9332
2 869887058
2 57008
2 74109
1 740 6852
2 29032
1 663 425
2 75373
2 56362
1 542 4997
2 47967
2 814897398
2 89652
1 560 1123
2 93280
2 80633
1 901 4779
2 83844
1 920 9289
2 53822
2 62992
1 99 25
1 905 8452
2 43476
2 90411
2 54177
2 650709837
2 87969
2 13325
1 711 4050
1 817 5406
1 6 2419
2 70114
1 1 5421
2 92897
1 943 709
2 949446960
1 861 1772
1 272 6698
1 281 787
2 54632
2 652044964
1 338 7714
2 73950
2 91179
1 503 4398
2 365943599
2 63146
1 135 2928
1 344 5540
2 91377
1 590 2147
2 49940
1 59 8998
2 13300
2 21625
1 421 3612
1 805 4226
1 891 5239
2 36455
1 189 2751
1 674 3717
1 973 8464
2 37721
2 49534
2 39548
2 712635775
2 73036
1 461 651
2 66408
1 919 6799
1 402 4173
2 43208
1 135 7946
1 113 6032
2 72113
2 182441031
2 64221
2 55048
2 18551
2 8030
2 418313643
1 363 7862
2 35498
2 9962
1 930 2942
2 398930568
2 42123
2 41770
2 75940
1 684 754
1 445 4228
1 967 5636
1 362 7063
1 583 6034
2 55614
1 73 7742
1 763 9145
2 15904
2 83082
2 58452
1 978 5856
1 793 7050
2 68967
2 23478
1 187 6007
1 733 720
1 920 9602
1 124 4556
2 48178
1 551 6392
2 122044303
1 821 8386
1 760 7028
1 47 4469
2 79756
1 737 6499
2 51537
2 39054
2 3374
2 46067
1 767 8407
1 925 9050
2 27751
1 763 4858
2 61682
1 845 5612
1 885 6258
1 632 8543
2 87736
2 72231
2 887324101
1 869 1953
2 3013
2 49182
1 802 3094
2 594575572
2 62740
2 30225
2 76036
2 66408
1 969 6746
2 83187
2 27939
2 39793
1 730 7847
1 629 4334
1 936 7234
1 502 523
2 34549
2 49452
2 860534908
1 789 8190
2 85592
2 16778
2 46568
1 193 6579
2 18070
2 24829
2 79260
1 91 3443
1 358 4028
1 463 2858
2 57527
2 31663
2 92863
2 361961439
2 94411
2 59910
1 561 1726
1 3 3207
1 791 1675
2 40802
2 54880
2 48736
2 52678
2 297764463
1 525 767
2 98162
1 332 3030
1 858 3352
2 468233421
1 591 8005
2 44003
2 27261
2 20291
1 847 4840
1 391 3780
1 810 530
2 71602
1 53 7108
1 668 8589
2 93959
1 179 9844
1 826 7262
2 85147
2 563220837
2 87151
2 31704
1 476 6769
1 724 3801
2 578298149
1 263 3419
2 11689
1 383 894
1 557 3367
1 876 29
2 25064
1 658 1024
2 91411
2 58389
2 283431761
1 848 4035
2 11307
2 67556
2 43998
1 666 9193
2 43030
2 23371
2 14813
1 553 4454
1 480 1713
1 792 869
2 52532
2 30043
2 9984
1 486 5625
2 40968
2 43980
2 45700
1 794 2766
1 425 2587
1 826 3795
1 219 7839
1 750 4367
1 965 1871
1 440 4304
2 75781
1 637 1272
1 389 7386
2 41011
2 417887998
2 75384
2 72032
2 83135
1 51 6613
1 363 9006
2 43079
1 176 8714
2 11753
1 591 292
1 664 873
1 266 5715
2 88087
1 224 3293
1 611 783
2 520938956
2 40622
2 83351
1 149 5642
2 54302
1 73 440
1 520 303
1 240 4144
1 74 97
2 67895
2 555339451
1 698 3513
1 955 3540
2 81620
1 843 7720
1 178 5027
1 584 2371
1 656 6693
1 784 6969
2 71571
2 449698306
1 320 8345
2 68262
1 921 1056
2 36401
2 317114749
1 786 7751
2 53223
2 76547
2 87510
2 285737964
2 82624
1 287 6860
2 57063
2 31337
1 264 4332
1 158 7528
2 14998
2 39903
1 99 432
2 25233725
2 54670
1 835 6113
2 11428
1 224 3756
1 31 5480
1 653 8728
2 34252
2 80144
1 849 2172
2 552831989
1 67 8482
1 229 657
2 9151
2 18186
1 619 7606
2 32518
1 286 828
1 98 6369
1 245 8429
1 437 6081
1 274 7336
1 717 4420
1 411 7588
1 316 5169
1 135 3716
1 842 258
2 6487
1 228 8290
2 18435
2 925283472
2 63613
2 24069
1 180 2217
1 819 2383
1 438 1302
1 752 9185
1 801 8290
1 841 4730
1 786 3382
1 345 3444
2 99974
2 29618
2 28753
2 81935
2 92025055
1 675 8264
2 76188
1 881 9995
1 703 766
1 95 9804
2 11890
1 76 8722
1 313 681
2 3274
1 43 3326
2 59341
2 7863
1 888 7868
1 754 3059
1 642 2972
2 3036
1 564 1677
2 58789
2 8735
2 990812116
2 20472
1 897 8046
2 18244
2 88345
2 88879680
2 44980
1 129 8832
1 127 6491
1 297 8545
2 630687724
2 21043
2 95509
1 199 6775
1 46 2475
2 220802068
1 812 9422
1 942 719
1 927 5659
1 205 5894
1 198 8314
2 70315
1 677 4261
2 40541
2 57117
2 594735649
1 553 8247
2 50194
2 42455
2 87096
2 910503547
2 61166
2 96630
1 612 9522
2 67146
2 269649898
2 62949
1 907 9307
1 287 600
2 98269
2 888680059
2 1581
1 604 2467
2 60744
1 354 2827
2 444389682
1 954 7942
1 426 1207
1 150 5517
1 546 8510
2 419439538
2 36086
2 32933
1 152 9622
1 719 5731
1 131 8908
2 60056
1 66 4431
1 210 7676
1 356 8198
2 690002324
1 850 8559
1 827 8729
1 713 5776
2 24660
1 455 3002
1 14 248
2 59629
1 964 3607
1 611 5783
2 862965135
1 862 5497
1 640 7658
1 596 6809
1 483 6848
1 17 9370
1 206 3465
1 225 3165
2 18969
1 825 7433
2 818944957
2 57884
2 89487
1 149 8180
1 923 7411
1 537 1407
2 49327
2 70097
2 99696
2 91715
2 611525435
2 2218
1 752 7101
1 939 7692
1 418 9374
1 766 9381
2 84143
2 91723
1 910 7702
1 505 2625
1 47 8593
1 857 7303
2 35849
2 64459
2 3262
1 791 2655
2 89434
1 63 688
2 45496
2 93976
1 465 8936
1 109 9380
2 24275
1 94 8092
2 88239
1 280 2707
1 882 5339
1 301 8600
1 660 9175
2 43162
1 758 6054
1 358 9876
2 94313
2 41694
1 720 4242
2 34874609
1 376 3576
2 16621
1 600 2209
1 72 771
2 719783797
2 85987
2 28966
2 34580
1 146 561
2 93500363
2 10778
2 59544
1 732 5055
2 76291
2 67870425
2 52074
1 978 6455
1 153 1535
1 47 6312
1 211 1575
1 269 7488
2 33005
1 503 8919
2 78084
1 214 5421
2 88702
1 59 5670
2 82645
2 60132
1 896 3026
1 481 9017
2 82537
1 580 3388
2 32288
2 771073844
2 67963
1 732 6231
2 80207
1 234 558
2 737534156
2 35136
2 58427
2 58734
2 98594
2 148877542
2 88734
1 778 5556
1 743 6774
2 18182
2 771691052
2 58700
1 955 9993
1 908 4439
1 964 498
1 74 7839
2 85857
1 165 2470
1 631 909
1 57 6538
1 345 7287
1 453 4215
2 51254
2 58835
1 974 2753
2 789911380
1 594 8303
2 58677
2 65415
1 915 2490
2 14110805
2 95201
2 17974
1 349 9826
1 303 3270
1 980 9029
1 564 1221
1 884 6409
1 248 4301
1 329 2217
2 908851914
2 14573
1 822 8218
2 81549
1 380 7303
2 56533978
2 33037
2 74608
1 184 5866
2 37994
1 740 888
2 82344
1 110 5332
1 815 699
2 65992
1 176 4238
1 183 3968
2 62319
2 77273
1 573 6583
2 974202687
2 6557
2 30139
2 74399
1 244 3878
2 567597289
2 26815
1 733 8650
2 56265
2 94946
2 166666918
1 98 2797
1 908 9849
2 51824
1 245 129
2 264072217
2 62839
2 86821
1 276 936
1 412 1588
2 394552290
1 96 9092
2 30979
2 62909
2 41305
1 886 8029
1 652 5287
2 59690
2 44138
1 516 91
1 722 9850
2 49884
2 56123
1 760 3209
1 524 1142
2 700464997
2 76823
2 46014
1 956 5703
2 50500
1 669 2062
1 69 663
1 297 5257
1 661 4579
1 543 249
1 551 9134
2 24227
2 99040
2 14569
2 87800
1 273 9879
1 430 7326
1 777 6062
1 941 7969
1 978 9781
1 229 2782
2 33381
1 145 9638
2 38689
2 42199
1 561 927
1 534 1713
2 72180
1 222 174
2 24302
2 843916996
1 305 5832
1 180 6323
1 745 9389
1 547 9587
1 720 7109
1 378 6970
1 663 2188
2 25403
2 83703
1 909 1421
2 14739
1 388 790
2 84980
2 21203
1 775 7125
1 574 7385
1 124 6544
2 67922
2 54820
1 630 1301
2 92573
1 72 5397
1 359 8326
2 55166
1 621 6016
2 11102
1 680 9867
2 81707
2 20121
1 838 3077
2 89113
2 30731
2 81563
2 96326
2 547423431
1 303 7081
2 58800
2 24429
2 82290
2 531653555
2 54223
2 74024
1 616 6870
2 47978
1 184 1550
2 1357
1 156 9417
2 70897
1 466 5754
1 527 8136
2 50481
1 486 1611
1 517 7160
2 85171
1 136 7667
2 72935
2 24916
2 42542
1 114 3813
2 233379321
1 362 9688
1 217 5136
2 92425
1 710 4712
2 468305144
2 70937
1 769 2200
1 699 8092
1 345 9819
1 755 1900
2 52749
2 15693
2 97519
2 98499
1 259 380
2 16220
1 326 5474
2 90677
2 17814
1 543 1948
1 400 8043
2 84809
1 53 5540
1 772 3292
2 412615386
2 80622
2 97584
2 30061
2 76925
2 499744261
2 84951
1 608 9769
1 161 9663
2 59147
1 187 9926
1 967 2131
2 28389
1 720 4652
2 9559
1 969 5466
1 526 91
2 70188
1 897 2765
2 37596
1 12 9707
2 94233
1 425 6236
1 610 560
1 462 19
2 44398977
2 53586
1 267 4376
2 39913
1 183 6481
1 804 3839
2 69812
2 11585
1 279 5025
1 737 3742
2 195257956
2 55397
2 2288
1 619 3777
2 27638
2 337508908
2 39944
2 8775
2 3695
1 780 400
1 774 2486
1 543 5280
1 168 3842
1 408 4593
2 20599
2 928794222
1 514 5990
1 591 8347
2 2730
1 984 7015
1 656 1040
1 467 7318
1 980 8395
1 199 3067
2 46395
1 699 1583
2 48170
2 79835
2 2086
2 28455
1 11 7326
1 602 6899
2 59026
2 43613
1 68 2685
2 265153405
2 25664
1 978 9290
2 44127
2 98175
2 339396678
1 622 9705
1 710 7658
1 923 2376
2 44309
2 13824972
2 54039
2 1342
1 122 6708
1 671 8723
2 220068972
1 18 4455
2 75785
2 58239
1 115 2577
2 122108832
1 945 7641
1 878 9601
1 725 6518
1 183 5588
1 30 2293
2 1136
2 41769
1 154 4429
2 71956
1 436 8032
1 199 4714
1 645 6440
1 578 9315
1 706 3905
2 831408796
2 59287
1 442 6949
2 29575
2 17397
2 263792026
2 60025
2 83031
2 87455
2 3084
1 934 8962
1 394 2682
2 82793
1 713 8823
2 98046
1 627 4541
1 184 6574
1 732 7633
2 71087
2 52173
2 554121146
1 464 9131
2 81365
2 25717
1 43 530
1 59 7611
1 677 8866
1 864 1668
1 317 751
2 98057
2 441771185
1 78 9856
1 707 9355
1 710 957
1 555 9475
1 215 8174
2 1740
2 31034
2 84163
2 32616
1 663 10
1 133 7019
2 27941
1 618 5584
2 72454
2 164679749
2 64622
1 47 3168
1 288 122
2 83390
1 540 9115
2 35664
2 62441
2 64396
2 7001
1 360 3885
2 90504
1 230 3132
2 72129
2 92072
1 667 1059
1 174 1802
2 18044
2 97486
1 655 6032
2 788958410
1 76 8241
1 32 6930
1 883 7103
2 55372
2 974380439
1 671 2300
1 20 8018
1 703 7874
2 99930
1 799 2326
1 571 7272
2 48559
1 434 4024
2 80661
2 408711638
2 86203
1 504 8261
1 245 8033
1 645 3873
2 833737877
2 72004
2 88170
1 514 4974
1 302 3233
1 174 3499
1 280 6237
2 56224
2 42786
2 34895
1 558 8529
1 112 3636
1 849 476
1 93 1360
1 882 4458
1 536 2891
1 175 4538
2 91853
2 7028
2 61340
1 237 7502
2 13599
1 253 1953
2 90886
2 40982
1 894 128
1 435 8096
2 59732
1 466 4222
1 340 8945
1 483 5114
2 63235
1 396 1131
1 49 9241
1 523 805
2 294710286
1 636 7810
2 62193
1 972 3071
1 317 4645
1 178 8856
2 26730
2 59355
1 606 3280
2 69995
2 472043434
2 71216
1 665 5789
2 75822
2 36653
1 266 6024
1 535 454
2 70579
2 92568
1 874 1948
2 172989307
1 919 1674
2 67450
1 32 5305
1 817 1443
2 61577356
2 77830
2 75776
1 897 6267
2 43777
1 725 643
2 36250
1 11 133
1 835 629
1 886 8810
2 351829044
1 65 4535
2 37589
1 113 8596
2 38659
1 648 1718
2 88310
1 802 5652
2 58167
1 193 6997
1 432 1005
1 610 3023
2 24776
2 55745
1 886 6239
1 311 6551
2 60560
1 464 4397
2 59790
2 13411
1 113 9962
2 57095
2 48910
2 18534
2 27219
1 172 2864
1 888 2164
2 82554
1 719 2390
2 97039
1 104 9991
1 445 8546
2 99740
1 625 2898
2 5083
2 448812423
1 824 8178
1 979 7446
2 31572
2 96165
1 561 5681
2 23297
1 815 1904
2 34462
2 26721
2 395131067
2 66355
1 393 8701
2 49905
1 824 4149
1 643 2008
1 722 9235
1 386 7148
2 91467
1 976 9591
1 145 7092
2 67212
2 29624
1 194 2735
1 243 975
2 908447210
1 845 4756
2 84443
2 92839
2 46240
1 986 7550
1 878 7071
2 96138
2 72262
1 730 8461
1 671 865
2 78321
1 663 1699
2 84763
1 547 8238
1 540 8618
1 508 7125
2 35523
1 255 9145
1 254 8314
2 586313511
2 59206
2 85787
2 68512
1 87 7656
1 957 3462
1 844 2350
1 309 6004
1 786 6625
1 454 21
1 865 2074
1 365 9868
2 98189
2 20591
1 808 8878
2 611436583
1 918 3457
2 91979
2 90632
1 534 7612
1 648 132
1 754 1871
1 269 4667
2 90486
2 79987
1 791 8458
2 25167
2 50431
1 116 6216
2 15691
1 300 4846
2 46139
1 612 9367
2 59445
1 715 272
2 297473489
2 5797
1 679 5215
2 65365
2 67554
1 828 8887
2 49455
2 36729
1 888 947
2 64141
1 483 2321
2 60524
2 89179
2 30950
2 5653
2 326934895
1 334 5777
2 82875
1 168 555
2 67378
2 521252499
1 78 4940
1 750 9987
2 21801
2 39191
1 154 5923
1 63 8518
1 632 4355
2 68190
2 24765
2 963132785
1 422 1471
2 55619
1 653 1255
2 14313
1 2 5615
1 940 8546
2 88790
1 766 9227
2 59134
1 907 29
1 154 7494
1 708 2316
1 190 8038
2 70153
1 737 8952
1 724 5092
2 81588
2 65153
2 75220
2 479200020
1 910 5429
1 847 6513
1 171 6183
1 187 8710
2 248538645
2 14738
1 707 4892
1 655 3832
1 704 4931
2 920335626
2 29661
1 247 1445
2 91631
2 82626
2 624720066
2 13892
2 45850
2 87605
2 317
1 77 9468
1 839 3134
1 909 8415
2 3528
1 320 8367
2 494052682
2 52731
1 615 329
2 5825
2 99867
2 18325587
1 358 8480
2 76292
1 852 3057
1 864 9487
2 732834822
2 98377
1 973 1822
2 31800
2 14688
2 878706590
2 56293
2 78810
2 79583
1 596 8020
2 730559727
1 898 8668
1 851 1449
1 494 8718
1 880 6873
2 929288699
1 744 7296
2 42096
2 81733
2 11929
1 384 2272
2 47151
2 5401
2 79270
2 99012
1 584 8105
2 88968
2 74066
2 63764
2 32388
1 212 1856
1 458 7665
2 98973
2 48886
2 34733
1 313 2512
2 54877
2 86353
1 160 4386
2 33580
1 406 4586
2 44085
1 639 766
1 86 2558
1 298 3621
2 676715280
2 15821
1 901 163
1 629 4700
2 34282
1 295 3959
1 643 742
1 403 1236
2 90229
1 669 5407
2 40612745
2 83878
1 140 181
1 157 3934
2 9752
2 141650315
2 99994
2 701
2 38824
1 261 373
2 399636374
1 301 8457
2 83178
2 92876
1 346 6388
2 306366129
2 36887
1 150 763
2 61618
1 829 5417
1 294 5901
1 532 2227
2 77622
1 824 9154
1 878 3406
2 519901954
1 330 7890
1 431 3773
2 1140
2 87087
2 296487976
2 95643
1 781 7785
1 361 2679
1 670 7665
2 648680842
2 17908
1 540 1003
2 92119
1 871 3361
1 509 4990
1 537 6035
2 14250
2 1787
1 78 9631
1 122 7419
1 30 5527
1 5 8633
1 960 5546
1 610 2756
2 189198165
1 101 6976
1 832 2362
2 47506
1 372 1019
1 342 3805
1 9 2037
2 13694
2 48793
1 372 7511
2 745052418
2 86320
2 23535
2 84243
1 79 5164
1 1 5736
2 69736
1 439 4690
2 90555
1 420 6637
1 3 9177
1 975 7613
2 66958
2 86315
1 941 9246
1 117 2221
1 421 9063
2 32945
2 23099
1 569 443
1 205 3644
2 65484
1 911 5784
1 471 8829
2 53816
2 809845335
2 62301
1 830 9196
2 58755
2 65963
2 433923550
1 973 5573
2 81996
2 46603
2 44321
2 665709950
2 54363
2 19168
2 10857
2 72671
2 517659258
1 448 3741
2 40727
1 970 9609
1 762 4031
1 380 9964
2 34079
2 42535
2 17149
2 72759
2 64799556
1 970 1938
1 59 5825
1 345 1455
2 14295
1 936 5037
2 68404
2 68998
2 77852
1 498 8547
2 155470114
1 541 4400
2 71069
1 329 791
1 293 4244
1 48 2064
2 12345
1 792 5582
1 58 1079
2 40093
2 758241036
1 165 1294
1 751 3937
1 676 6289
1 928 8282
1 483 615
2 46695
2 56427
2 36169
1 121 1563
2 242184260
2 72532
1 344 8022
2 70430
2 73475
1 432 2018
1 878 3143
2 10375
1 380 6962
2 6021
2 557252772
2 25931
1 158 2217
1 691 3542
2 4771
1 983 8050
1 139 8148
1 964 2565
2 73068
1 575 2820
2 465883411
1 364 9932
1 694 355
1 582 3869
1 369 6441
1 365 918
2 2642
2 92867
2 92126
2 15668
1 385 9701
2 49475
2 85793
2 15090
1 67 5409
1 812 8420
1 721 1971
1 247 6128
2 15560
2 94641
2 911163231
2 46795
2 49663
2 4895
1 554 9011
1 446 5895
2 99710
1 938 2317
2 51186
1 344 5649
1 642 4371
1 483 5713
2 32899
2 57746
2 30834
2 901401645
2 37596
1 391 8626
2 50926
2 46657
1 506 9334
1 692 6415
1 291 9822
1 75 4004
2 85057
1 603 936
1 849 63
1 521 5262
2 53939
1 20 5507
1 839 4560
2 50461
2 84743
2 45094
1 100 9628
2 11326975
1 325 9687
2 25620
2 35052
2 27052
2 728329180
1 541 4812
2 82466
1 594 2148
2 3150
2 805753785
2 77196
2 55423
2 98381
1 713 7529
2 584738001
2 1376
2 6764
1 345 4142
2 53702
2 139739806
1 711 898
2 91100
2 98070
1 619 424
1 95 4699
1 574 4559
1 312 1653
1 677 3482
2 83500
1 19 7677
1 970 5648
2 35847
1 816 41
2 21611
2 811875669
1 489 6416
2 61876
2 8804
1 284 5123
2 874953586
2 76838
2 11407
2 91823
1 565 3370
2 563625378
2 75420
1 864 4680
2 74559
1 896 7970
2 773738297
1 164 2191
2 52721
1 619 8394
1 509 7015
2 900791535
2 67293
1 479 8741
2 30445
2 76252
2 819061625
1 296 6018
2 56274
2 93787
2 29803
2 200923314
2 66830
1 107 9556
2 52802
2 44055
1 285 2978
2 73602
1 273 8450
1 541 5881
1 794 2482
2 255301758
1 588 9023
2 74225
2 19071
2 54497
1 854 3479
2 35612
2 45688
2 68582
2 53986
2 269708161
2 79534
2 71878
2 96987
1 305 8961
2 512649798
2 86993
1 178 1882
1 962 2848
1 604 361
1 874 8331
1 44 4322
2 40614
1 618 401
1 327 228
2 245067253
1 681 9774
2 470
2 95907
1 243 1878
2 910574051
1 81 6728
2 15509
2 97325
2 64039
2 552481703
2 50497
1 319 7067
2 87235
2 70028
2 891805769
2 298
2 24974
2 44580
1 535 321
1 434 643
2 803
2 51618
1 707 3969
2 78406
1 437 3999
1 591 2118
2 15777
2 77883
1 456 6854
2 782996247
2 39993
1 469 57
2 31074
2 82327
1 967 3566
1 65 2908
2 93857
2 1653
1 875 2441
2 879104464
1 991 179
1 199 2764
2 40551
1 978 1372
2 228328081
1 915 1083
1 594 724
1 844 2960
1 793 4612
1 362 8644
2 27988
1 32 5561
2 85049
1 266 6492
1 743 169
1 243 6889
2 14716
1 237 185
1 635 1828
2 65274985
1 317 8667
2 8511
2 79089
2 68899
1 863 1281
1 797 1549
1 862 3257
2 62436
2 92295
2 5711617
1 890 9034
2 52390
1 554 5693
1 646 8390
1 102 3453
1 284 4175
1 665 5760
2 76581
1 105 9417
1 125 9713
2 35125
1 812 9767
2 99463
1 978 8622
1 393 5319
2 2332
2 83996
2 39811
1 13 8842
1 11 668
2 1566
2 91467
1 964 6222
2 21781
1 530 9719
1 258 6603
2 77574
1 17 2641
1 173 6864
2 929300781
2 62326
2 20792
1 791 838
1 55 7845
1 107 7332
1 537 2432
2 33331
1 213 9116
1 201 2361
2 416220756
2 13393
1 182 226
2 71762
1 522 9735
1 417 2516
2 74654
2 65726
2 93097
2 80962
2 700312145
2 8726
1 169 1562
1 365 9575
1 223 2906
2 826631874
2 50207
2 44545
2 17474
2 83652
2 24032193
2 77165
2 67258
2 72062
1 458 3083
2 752164890
1 438 6587
1 754 3492
1 285 1671
1 146 2968
2 969733152
2 48708
2 70224
2 73916
1 151 2659
2 986745212
1 718 9103
1 499 4546
2 40230
1 767 925
2 190362608
2 40509
1 425 5547
1 570 204
2 91866
1 859 5889
2 81284
2 98800
1 252 4144
1 180 2433
1 314 6857
1 989 4864
2 48075
1 715 591
1 672 4978
1 935 9237
1 508 4635
2 82084
1 559 5349
1 134 8923
2 532094277
2 20093
2 27875
1 448 235
2 23627
2 478488851
2 32822
1 537 1705
2 18058
2 21438
1 448 4081
1 752 7728
1 556 1175
1 734 3446
1 91 4861
2 602350079
2 95570
2 95320
2 91833
1 205 2772
2 688382817
2 82191
1 911 487
2 43070
1 730 8471
1 755 7156
1 263 5122
2 42194
2 54837
1 53 5705
1 580 4657
1 434 8224
2 94291
2 89047
1 191 6907
2 559856097
1 809 9867
1 775 8788
1 592 3209
1 574 8803
2 648455781
1 207 7234
2 88151
2 69261
2 83397
2 541432615
2 40532
1 596 27
1 968 1932
2 73328
2 510592436
1 214 9041
1 173 1398
1 79 4839
2 22233
2 327070493
1 981 6572
1 860 7781
1 216 2290
1 144 2225
1 666 9306
2 41161
1 350 9230
2 26412
2 91911
1 749 9020
2 85355
1 113 3165
1 659 1808
2 79022
2 102949886
1 653 1965
2 28870
2 56366
2 78508
1 513 6018
2 28622
2 20016
2 51284
1 401 6002
2 563318945
2 96970
1 629 8058
2 31583
1 515 7427
1 587 1433
1 898 4290
2 56757
2 39411
1 148 5361
1 302 6
1 183 2165
2 888
1 741 7262
2 51860
2 378945751
2 80387
1 77 1599
2 42115
2 13790
2 806793719
1 109 1482
1 57 9409
1 577 9041
1 179 3479
2 563052345
2 27889
2 99497
1 303 5722
1 784 6311
1 865 7352
1 8 358
2 20648
1 110 8662
2 54466
1 503 2067
2 44652
1 928 1827
1 528 424
2 90507
1 693 3862
1 22 8542
1 62 5618
2 28250
1 274 8176
2 909682161
1 251 7078
2 55275
1 547 3518
1 311 151
2 17345135
1 462 4495
2 3597
1 826 9198
2 34065
1 307 2387
2 72901
1 26 1999
2 5159
1 578 4310
2 776061545
2 28239
1 982 1980
1 741 4123
2 69164
2 482689370
1 474 3280
1 738 7811
2 54856
1 205 5586
2 635575057
2 13501
2 80726
1 319 224
2 97865
1 956 4420
2 4310
2 1375
1 247 7550
2 50451
2 870219520
2 2866
2 31950
2 54242
1 568 7731
2 414994282
1 834 4498
2 70561
2 15527
1 68 6720
1 193 5969
2 31513
2 42405
1 81 9344
1 907 5229
2 360414104
2 16101
2 15751
1 352 8848
1 598 2547
1 684 3076
1 130 7673
1 435 6768
2 78897
1 124 3054
2 381773227
1 726 7964
2 38413
1 283 713
1 313 1892
1 196 5047
2 25984
1 203 1995
2 71485
2 70998
2 41362854
2 41869
2 39053
1 765 8059
2 98115
2 250665797
2 89832
2 22067
2 34615
1 321 7962
1 334 8120
1 495 7355
1 238 9571
2 41876
2 53470
2 827709481
1 656 2031
1 652 1719
1 860 3961
2 55121
1 509 4577
1 415 4548
2 61045
2 65574
2 84931
1 95 9963
2 51451
1 409 2947
2 13259
2 98231
1 376 8907
1 288 9090
1 705 7534
2 31085
1 488 1368
2 804452560
2 32009
2 67871
1 887 2066
1 467 5643
1 38 9397
1 641 2072
1 48 5664
1 313 7985
2 44874
2 48512501
2 59469
1 346 5751
1 105 8900
1 122 7546
1 155 870
1 717 7479
1 676 7529
2 31669
1 896 2211
1 736 8819
2 39846
1 198 864
1 290 8714
1 883 3199
2 414306232
1 804 5764
2 41801
2 22105
2 47192
2 950574962
1 158 5929
1 756 5273
1 547 5941
2 21650
1 373 349
2 71142
1 67 4387
2 82304
2 92671
1 524 9722
2 23763
1 671 918
1 477 8959
1 576 8918
1 35 8435
1 547 2942
1 572 4995
2 75469
1 95 7006
2 88103762
2 31961
2 26144
2 76118
1 814 8565
2 336132908
1 353 5926
2 10059
1 364 2663
2 66646
2 158543426
2 4000
2 29556
1 210 9280
2 16168
1 883 8049
1 637 639
2 75412
2 77448
2 4679
2 117110168
1 789 7613
2 64748
2 84803
1 634 615
1 838 6154
1 437 4107
2 2541
1 263 4366
1 74 2970
1 984 9176
1 161 2299
2 53373
2 48589
2 64714
2 552460917
1 525 1023
1 308 4211
2 47575
1 474 337
1 808 5658
2 54531
1 445 6694
2 50241
2 92527
2 917551045
2 24472
2 93850
1 740 5890
1 870 4779
2 495936146
1 509 8588
2 18123
1 873 7525
2 55289
2 988199848
2 34606
2 19702
2 22779
1 290 2898
2 194506397
2 56952
2 13482
1 106 7744
2 88735
2 664050244
2 28209
2 32997
1 683 808
1 305 4665
1 434 9183
2 5863
2 65773
1 877 2524
2 72636
2 310691672
2 4908
1 199 8510
1 22 4584
2 55037
1 125 1801
1 673 2596
2 52883
2 2486
2 96369
1 535 8085
1 593 4995
1 483 2619
1 187 2319
2 5276
2 596001670
2 69944
1 23 7257
2 25437
2 26403
2 857492272
1 750 7674
2 38847
2 12548
2 19212
1 296 1153
2 94810
1 958 7520
2 33290
2 27606
2 816094591
1 330 4738
2 7425
2 26302
1 115 3953
1 242 7950
1 256 9715
2 92845
1 80 3109
1 705 383
1 884 7825
2 95559
1 141 8854
2 29531
2 52252
1 757 8395
1 669 9811
1 86 7667
1 826 3766
1 371 2115
2 652898938
1 200 9497
2 3452
1 428 7764
1 745 9544
2 755662460
1 204 1388
2 77563
2 71746
2 98819
2 691899205
1 177 4786
2 81768
2 12902
2 89007
2 630707197
2 66553
1 793 1095
2 51716
1 674 5292
2 386048241
2 5662
2 40885
1 732 4354
1 946 2980
1 329 3111
1 504 390
1 951 970
2 23127
2 48852
2 399020996
2 73497
1 737 867
2 98410
2 97294
2 961161594
1 239 631
1 554 3908
2 79961
2 346
2 381763179
2 46863
1 154 4503
2 74798
2 73076
1 160 4382
1 573 4388
1 795 6646
2 50322
2 58877
2 221647397
1 697 701
1 534 6940
2 66862
2 44199
2 373148586
2 33274
1 818 9659
2 58782
1 307 8930
2 153703771
1 561 6584
2 29458
1 16 7627
1 192 4629
2 357118734
1 699 995
2 58183
2 7259
1 165 2389
1 574 7102
1 49 6532
2 72763
2 33762
1 23 2166
1 202 6471
1 67 7945
1 561 9741
2 73071
1 662 5369
1 927 5227
2 22962
2 14544
1 244 7030
1 632 3149
2 238535262
1 52 8792
1 253 9904
1 251 2361
2 70123
2 718926357
1 16 6352
2 48283
1 273 7655
1 373 3593
1 216 3752
2 16347
1 383 9574
2 65796
1 244 7666
1 113 7715
2 9381
1 241 9682
1 193 4590
2 46875
1 586 2468
1 528 9493
2 81808
2 76376
2 22015
1 262 8305
1 981 2910
1 126 7567
2 49038
1 424 4946
1 680 5014
2 48366
2 26694
2 37434
2 23362
2 140735788
2 26986
2 5361
2 99902
2 55183
2 825768893
1 805 4556
2 9687
2 69530
2 74990
1 349 3814
2 68819
2 4564
1 127 244
1 696 9920
2 278660572
2 5916
2 87072
2 22471
2 99157
1 259 9447
1 150 6422
2 34104
2 99103
1 195 4106
1 807 1962
1 378 5532
1 966 8932
1 889 5542
2 44163
1 383 3960
2 4237
2 81946
2 72191
1 975 2380
2 737039166
2 30883
1 142 4673
1 20 4175
2 7959
1 232 7459
1 594 63
1 232 922
2 35016
2 97487
2 393590262
1 158 8520
1 351 2471
2 43591
2 31102
2 644348352
2 93671
2 40922
1 917 2764
2 6713
2 67032914
1 960 2143
1 554 1000
1 270 3414
2 54215
2 363454713
2 26398
1 708 2985
1 809 5948
1 42 2892
1 860 2496
2 9663
2 65608
2 50455
2 81382
1 68 4168
2 22358
1 582 9664
1 737 852
1 635 4463
2 401991560
1 112 800
1 207 4247
2 44966
1 51 2645
2 985754298
2 91602
1 780 2145
1 499 3095
2 33485
2 167570178
2 56993
1 106 9847
2 93629
2 16487
1 971 6841
2 70824
1 188 2708
1 237 5039
2 61357
2 331279857
2 97612
2 25173
1 281 7426
2 99553
2 864404722
1 989 2186
1 928 5150
1 358 9741
1 262 8426
1 719 2161
2 67197
2 40728
2 31669
1 490 7958
1 392 539
1 962 2906
2 46909
1 797 8108
1 261 7307
1 947 7854
1 905 9201
1 831 9430
2 49439
1 6 6298
1 262 3663
2 10934
2 39344
1 685 6622
1 119 1859
2 884234340
2 30957
1 832 2595
2 19881
1 903 8928
1 67 2261
1 671 2618
1 27 1985
2 83067
1 323 7270
1 54 349
1 731 3954
2 71744
1 923 292
1 264 1419
1 391 3309
1 592 270
2 95068
2 95631
2 88188
1 489 1548
1 125 4819
1 373 3544
2 27991
2 84149
1 977 9084
2 61663
1 333 8408
1 923 4325
1 198 9427
1 113 5974
2 31755
2 86920
1 496 6584
2 81818
1 89 7428
2 14899
1 96 8802
2 46138
1 209 8188
2 313092255
1 448 6825
2 41536
2 85059
2 17664
1 707 935
2 66523
2 87270
2 2155
1 34 7725
1 99 6856
1 625 4983
2 13896
2 68771
2 42916
1 900 69
2 85543
2 47003
1 784 9966
1 764 3413
2 201207376
2 96179
2 7279
2 99798
2 67184
2 496476889
1 626 2851
1 116 5752
2 77896
1 435 1701
2 840071101
2 36778
2 66385
1 651 1034
1 91 6027
1 471 978
1 760 4298
1 428 2751
2 13612
2 50479
1 405 4483
1 568 891
1 610 5411
2 66803
1 955 460
2 200079718
1 308 9599
1 690 3538
2 78942
2 16090
2 844960892
2 10719
1 361 9455
1 417 749
1 442 2631
2 603282419
2 3500
1 595 3410
1 892 426
2 19160
2 708055050
2 9784
1 125 9788
2 86126
1 488 3530
1 765 1463
1 861 1921
1 489 3740
1 479 3418
2 78334
2 200354755
2 8605
1 876 4115
2 36976
1 396 6176
2 344074841
2 43930
1 824 2522
2 57055
1 984 5259
2 97198087
1 818 847
2 70343
2 93394
1 796 8517
2 452070744
2 83785
2 58599
2 93792
1 488 7781
2 431780318
1 685 6270
1 744 1897
1 305 2360
1 943 4354
1 952 72
1 302 8692
1 779 7101
2 29884
1 493 9621
1 294 7557
2 57045
1 709 3472
1 286 5852
2 93652
1 528 3757
1 610 3926
2 29530
1 882 6893
2 38021
2 155268890
2 96689
1 183 8253
2 44143
2 89001
1 756 2716
1 159 3435
1 834 8055
2 82006
1 700 1863
2 778193754
2 99409
1 580 7726
1 155 4924
1 871 3540
1 164 516
1 622 5345
2 66927
1 842 3799
1 146 6176
2 253255892
1 848 5752
2 11638
1 820 8397
2 43220
1 374 1721
2 57467
1 525 1363
1 258 458
2 62122
2 463077840
1 381 4602
2 95815
2 15177
1 137 4810
2 763513433
1 458 5795
1 32 2892
1 860 3391
2 95176
2 392809797
1 219 3788
2 69138
2 21273
2 52303
2 357393271
1 786 7588
1 569 4251
1 433 8896
1 681 7985
1 210 764
2 29682
2 15335
2 68446
2 37842
1 224 2404
2 83201
2 99832
1 807 7633
2 40092
1 688 9362
2 43487
2 73565
2 93341
2 92277
2 225109161
1 896 1291
2 95348
1 732 9202
2 79392
1 448 1914
1 277 5702
1 245 9097
1 169 6709
1 301 2241
1 859 2318
2 98480
2 37676
2 60056
1 64 1517
2 752018292
1 219 2215
1 27 9262
1 870 4366
1 284 9088
1 648 3020
2 97797
1 327 91
2 54537
1 307 7499
2 54513391
1 422 743
2 93637
2 85407
1 745 879
2 476514215
1 373 6797
1 333 4638
1 219 5195
2 95302
2 69178101
1 489 9622
2 97267
1 877 2522
2 91003
1 442 9640
1 899 5155
2 57536
1 577 3316
2 26241
2 519983563
2 91835
2 15789
1 706 7740
1 104 4025
2 883004490
1 304 4761
1 860 2688
2 36051
2 78986
2 117566420
2 82096
1 719 8848
1 170 179
2 32793
2 251491145
1 306 9635
1 933 8432
1 657 1101
2 50098
1 966 9071
2 48788
1 788 1109
2 28665
2 37417
2 876089469
1 785 1028
1 104 5731
2 42788
2 30572
2 419802854
2 91634
1 294 1784
1 628 3494
1 974 2767
2 960800208
2 10037
1 693 2434
2 21582
1 603 2203
1 191 8348
2 2314
1 507 4864
2 68105
1 215 3362
2 807215225
2 95816
1 434 1667
1 789 9807
1 801 865
2 291535221
2 87582
2 31382
2 28880
2 22202
1 106 7258
1 569 4331
1 710 8676
2 41050
1 967 3603
1 115 6681
2 22407
1 722 9672
1 71 4109
2 87637
1 772 2398
2 13510
1 64 7051
2 89449
1 586 6187
2 985119373
1 226 7241
2 29463
2 99616
2 8764
1 414 3298
1 644 886
1 162 8759
2 2986
2 57546
2 188319082
2 26806
2 50979
2 8766
1 799 9056
1 258 4021
1 611 4927
2 61243
2 82172
2 33740
1 123 6646
2 85284
2 20642
1 774 4776
2 34332
2 213793371
2 34710
1 374 3256
1 733 5007
1 603 2446
2 261766644
1 219 5233
2 68886
2 82478
1 699 2379
2 956800458
2 47545
2 13977
1 605 2527
2 67420
1 219 9104
2 78541
1 177 8187
1 48 9376
1 747 8685
1 504 2192
2 7300
2 88368
1 975 1687
1 28 2360
2 122406799
1 921 5132
2 22084
1 278 1122
2 37412
2 843233624
2 75203
2 47029
1 692 2432
2 63783
1 648 7449
2 32264
1 741 636
1 815 9020
1 337 4412
1 169 4641
1 789 7168
1 254 1150
2 51148
2 16284
1 799 9802
1 983 5893
1 782 6214
2 16170
2 44643
1 417 6821
1 451 2908
2 75842
2 26447
1 679 3822
2 835119287
1 160 1206
2 80318
1 152 1841
1 8 9054
1 409 4390
2 63235
2 259
2 26688
1 197 7682
2 294493838
2 30423
1 314 8496
2 72193
1 255 7436
2 280411738
1 74 4190
2 49361
1 883 6526
2 2071
1 830 4936
1 213 9281
1 179 1844
2 61373
1 886 125
2 283397799
1 520 6561
2 96066
1 325 182
2 38411
1 48 2927
2 78103
2 23484
1 537 8692
2 49055
1 906 8522
1 146 8770
2 69981
1 436 42
1 824 4009
1 303 2054
1 288 748
2 32852
2 50315
2 91878
1 610 7113
2 5835
1 747 2376
2 95870
1 902 484
2 598744424
2 96218
2 85780
2 3452
2 51507
2 470733312
2 55690
2 91384
2 1234
1 246 8509
1 142 6084
1 569 2738
2 21696
2 13556
2 58675
1 274 5174
1 696 4268
2 20601
1 818 374
2 2714
1 655 4645
1 684 7978
2 68025
2 92259
1 781 7633
2 754692866
1 62 8611
1 132 3124
1 950 9279
1 349 7146
1 709 203
2 28571
2 14386
2 57367
1 667 1221
2 658829166
2 45566
2 58551
1 490 5144
1 237 6658
1 364 7216
1 218 8335
2 81822
2 13394
1 823 7895
2 263992511
2 57722
2 78012
2 38571
2 20036
1 451 341
1 549 7818
2 37149
1 502 165
2 48200
1 200 1413
2 14418
1 893 4367
2 97875
2 38808
1 398 154
2 12455
1 87 4317
1 801 6267
1 549 8914
2 713737501
2 36070
1 587 2953
2 55490
2 93422
1 254 9969
2 86284
2 65760
2 85989
2 19768
2 540158625
1 716 1823
2 58933
1 827 6898
1 243 8290
1 709 6539
1 234 5497
1 635 6549
2 61736
1 435 4972
1 178 887
1 768 7158
1 952 9427
1 886 7006
1 321 4046
2 546572903
1 213 2705
1 718 5296
1 961 4496
1 572 3055
2 28866141
2 62472
1 48 7536
1 462 7797
1 267 8840
1 834 6540
2 76286
1 532 4989
1 652 5447
1 479 9542
1 137 7626
2 78129
2 14410
1 362 4175
1 444 2526
1 481 166
2 93670
2 67191
1 340 6532
1 365 7301
1 792 1263
2 97844
1 377 9096
2 64239
2 22367
2 423147101
1 608 6319
1 596 5848
2 52627
1 837 465
2 770303773
2 6577
1 777 3107
1 950 1505
1 571 2847
1 931 2452
2 38102
2 40633
1 107 4827
1 517 7627
1 730 890
2 89239
2 89105
1 406 9331
1 627 7360
1 489 5936
2 37791
2 71764
1 833 2471
2 71703
2 893228911
1 925 6119
2 70502
2 28021
2 33851
1 396 9277
2 38210
1 967 9828
1 133 4635
2 54189
1 931 8929
1 824 3506
1 399 4761
2 28682
1 229 6082
1 276 5272
2 15901
2 42107
2 49285
1 446 6014
1 362 9375
1 894 8638
1 215 9488
1 55 2845
2 28173
1 120 7187
2 96907
2 69808
2 51637
1 403 8153
1 894 3064
2 22227
1 271 6721
1 614 1470
2 30991
2 942739991
2 2848
2 80151
1 952 5930
1 374 7498
2 74451783
1 101 2622
2 70702
1 312 1701
1 180 1701
1 512 4905
1 247 3879
2 1894
2 101
2 94111
1 176 9689
2 92233
2 57748
2 15475
2 94914
2 426749076
2 28459
1 875 1993
2 90778
1 595 4344
2 956681693
1 327 3368
2 30683
2 46469
2 77605
1 742 1517
2 42001
2 16176
1 815 167
2 49304
2 487191268
2 59187
1 942 1011
1 339 2072
2 27953
1 539 8690
1 883 272
1 629 3581
1 542 5451
2 98433
1 63 3232
2 18494
1 268 4635
1 65 5172
2 86552
1 188 4714
1 263 3659
1 891 8361
1 570 5798
1 685 8949
2 53424753
2 6786
2 40971
2 30093
1 150 1732
2 425111919
1 687 7556
1 372 936
1 454 5805
1 551 5022
2 474799197
2 14874
1 501 3910
2 77970
1 112 6573
2 175219031
1 623 5129
1 958 4438
2 3432
2 6747
2 735773237
1 8 2901
1 615 1948
2 67674
2 43819
2 444207548
1 884 1855
2 93324
2 99161
2 55484
2 84316695
2 10978
1 507 2845
2 82131
2 77438
2 904535991
1 385 4262
2 65569
2 66773
1 638 9068
1 437 3819
1 414 5280
2 70276
2 15827
2 92836
1 278 4146
1 640 9722
2 12015
2 99186
2 69251
1 466 8713
2 70774
1 229 704
1 967 5275
1 400 9725
2 122022262
2 710
2 22534
1 820 7799
1 710 517
2 473376234
2 78279
2 36987
2 1556
1 977 8457
1 328 4458
2 95338
1 153 6063
1 606 9172
1 471 4416
1 598 1207
2 95908
1 484 6751
2 2086
1 387 9792
2 739391086
1 661 3092
2 71032
2 55298
1 517 5891
1 981 4306
1 210 1813
2 27956
1 579 9115
1 293 3229
2 722802289
1 363 6625
2 55424
1 160 1545
2 5701
2 463402448
2 45145
2 52139
2 32126
2 49272
1 625 863
1 327 6637
1 217 4425
1 50 9510
1 221 8013
2 420842309
2 9011
1 852 5638
2 77752
2 32447
2 944613892
2 86539
2 58398
1 665 5346
2 75324
1 131 4281
1 696 825
1 439 7407
2 26178
1 951 3466
1 177 3820
1 808 9532
2 36496
1 156 5265
1 21 8036
2 408935531
1 870 2678
1 892 8420
2 65990
2 90447
1 335 9486
1 415 9965
2 78249
2 91664
1 572 2096
2 340332377
2 59330
2 59854
1 743 7146
1 18 5791
2 686010418
1 180 6468
1 271 1372
1 972 3911
1 654 1119
1 380 6410
2 41452
2 54875
2 31579
2 1534
2 405646247
1 551 2467
1 489 2561
2 84358
1 393 5643
2 817524802
2 52246
2 95899
1 962 4776
1 9 3609
1 521 6159
2 21739
2 47634
1 758 9636
2 2315
1 60 2654
1 532 6454
1 839 6558
2 25522
1 946 4812
2 606371371
2 18173
2 54186
2 82970
2 9321
1 402 9521
1 717 3400
1 694 9578
2 81665
2 62060
2 985094879
1 230 6454
2 52569
1 251 6676
1 426 3969
2 122306792
2 3907
2 56022
1 115 8618
2 33873
1 19 8120
1 85 4228
2 66548
2 88769
1 814 6391
2 100131884
2 56553
1 458 1349
1 608 6172
1 846 988
1 531 1577
1 392 8366
1 82 7043
1 815 5479
2 98115
2 228265068
2 70936
1 46 9014
1 787 6507
2 73717
1 669 5417
1 888 7292
2 70472
1 577 1102
2 14634
2 523315388
1 37 6359
1 384 5861
1 644 5864
1 359 10
1 699 3994
1 761 2471
2 22563
2 45472
1 771 1040
1 315 1421
2 49159
1 842 1143
2 94937
1 808 2433
2 637890592
1 718 2306
2 26085
2 92440
1 453 3607
2 145052980
1 478 8452
1 294 9288
2 52817
2 87423
2 785639725
1 480 8530
1 599 9124
1 927 7081
1 218 5010
1 430 4162
2 13871
2 47290
1 156 270
2 8009
2 622807257
1 887 2079
1 89 6449
1 604 1432
2 85999
1 745 8935
2 258
1 372 6034
2 59027
2 80509
1 696 3756
1 948 2914
1 224 3945
1 369 2425
2 92485
1 117 3406
1 557 1956
2 30347
1 214 9207
2 16063
1 171 7690
2 17036
1 364 2845
2 85486
2 77132
1 819 1135
1 484 9840
2 31542
2 29876
2 17723
1 673 5786
2 29419
1 940 2116
2 73324
1 751 3124
1 177 995
1 666 2051
2 78804
2 17792
2 84604
1 733 3607
1 329 9790
2 97920
1 845 8176
2 13653
2 687240468
1 223 2567
2 92215
1 326 3595
1 355 2053
2 596131186
1 863 5539
1 335 7868
1 678 6542
2 28053
2 405962343
1 844 2004
1 394 1751
1 583 9209
1 367 4626
2 523296270
2 77718
2 88307
2 22168
2 92393
1 28 7497
1 725 4050
2 67622
1 395 7350
1 824 5730
2 514480653
1 456 9118
2 19156
2 97282
1 676 4777
2 311633570
1 134 9886
2 10434
1 832 5701
1 951 5629
2 696711465
2 31525
1 262 9968
2 56984
1 647 1156
1 426 8458
2 34607
1 317 4795
2 79553
1 159 2623
2 142753503
1 575 6756
2 51651
1 318 781
2 38129
1 37 4919
1 909 6753
2 92427
2 32947
1 660 272
1 424 2147
2 90895
2 16459
2 99600
2 35736
1 724 76
2 18952
1 232 9622
1 702 6526
2 560
1 20 1596
2 62532
1 438 8764
1 513 8518
1 472 648
1 672 5674
1 678 7017
2 24151
1 405 8542
1 636 2304
2 35918512
2 37833
2 54397
1 395 377
1 576 4548
1 974 5919
2 38056
1 336 8859
2 11296
1 446 7002
1 917 1957
1 718 8658
1 193 8887
2 68461
2 58911
1 146 6540
2 88237
2 61747
1 633 8942
1 982 2669
1 369 3764
1 708 5497
1 393 7402
2 82993
2 83924
2 254064638
1 600 6248
1 374 4955
1 301 955
2 80872
1 51 6364
1 769 8270
1 315 397
2 31366
2 64227
1 206 8238
2 33141
2 2548
1 148 3997
2 11287
2 697965405
2 42338
2 58691
1 630 2213
1 196 6048
2 173770100
2 37093
1 779 9861
1 912 1301
2 37694
1 779 2939
1 691 1277
1 866 8418
1 748 4404
2 66330
2 798449625
2 46105
2 21835
1 927 7585
1 418 6085
1 161 5027
1 559 5891
2 32162
2 87375
2 80100
2 677560187
1 385 2333
2 79129
2 61340
2 97413
1 258 7014
2 4559
2 58956
2 20483
2 27554
1 406 6996
2 52083
2 56505
1 262 8658
1 808 5621
1 256 6933
2 83703
1 88 5098
2 4361
2 82325
2 950333417
2 94474
1 961 8180
1 121 5364
1 281 6213
1 347 3396
2 76413
2 39470
1 6 776
1 695 5377
2 864472360
1 632 5065
2 34037
1 327 1432
1 730 6895
1 277 2077
2 40794
2 77797
2 32555
2 86584
1 844 9335
1 47 5879
2 42078
1 451 5861
2 22337
1 405 3119
2 83771
1 452 2859
1 813 1145
1 212 6809
1 263 7466
1 859 4048
2 1360
1 435 2281
2 71229
2 188825767
2 26701
1 674 9100
1 525 8609
1 487 5798
2 492177100
2 34115
2 87209
1 812 3071
1 598 9333
1 203 1819
1 285 1444
2 94365
1 936 2518
2 67802
1 973 5189
1 838 6372
1 734 3911
1 208 4982
2 68983
2 461153089
2 53824
2 91747
2 61568
2 24656
1 210 1332
1 424 78
1 308 46
1 109 8507
2 25264
1 987 1752
2 1735
2 49467
2 3259
1 936 5822
1 747 4026
1 764 5223
2 72651
2 23358
2 58904
2 365379043
2 91861
2 18804
1 45 399
2 37721
1 34 3483
1 96 8551
2 86463
2 84162
1 731 1547
1 325 8902
2 97237
1 928 1460
2 54877
2 25367
2 814214279
1 560 8609
2 18387
2 35942
1 878 9696
1 56 9383
2 83568
1 359 6780
2 58488
1 96 2725
2 742468523
1 513 212
2 11035
1 255 9793
2 34389
2 396136060
1 385 5642
1 849 5671
2 41626
2 48529
2 979726772
1 545 8152
1 636 3810
1 784 7157
1 725 8941
1 955 6458
2 41803
1 148 6697
1 861 7441
2 85331
1 744 4977
2 52391
2 18976
1 381 9269
1 706 3218
2 820568119
1 684 2236
1 53 9645
1 673 6224
1 120 618
1 636 3181
1 286 5419
1 141 5510
2 37387
1 509 1464
2 997459639
1 831 3018
1 59 4830
1 169 2754
2 30945
1 516 9981
1 736 6652
1 383 5013
1 791 5463
2 33131
2 468213780
2 64791
1 413 2099
2 33943
1 251 5960
2 696268621
1 79 3353
2 16546
2 52129
2 25178
2 347845744
2 36467
1 810 980
2 37954
2 31087
2 459244009
1 432 6839
1 652 7535
2 12278
2 97027
2 334649659
2 83941
2 60563
1 357 2825
1 564 3341
2 895305290
1 335 3459
2 66661
2 6687
2 93514
1 582 3965
2 23594
1 984 4288
2 13043
1 900 3808
2 168838221
1 535 2352
2 77730
1 152 3
1 116 5646
1 643 8456
1 157 6498
2 10836
2 1836
2 28657
1 72 7570
1 692 428
1 733 6481
2 1908
1 671 4079
2 943570984
2 86332
1 569 7913
2 84130
1 8 5764
2 119915196
1 590 2336
2 18577
2 50526
1 702 6222
2 631423898
1 430 904
1 82 2947
2 52643
2 54678
1 932 3322
1 71 6194
2 53744
2 6920
2 91343
1 726 2477
1 735 4548
2 30141
2 47800
2 90942
2 579102745
1 690 7051
1 233 4852
1 379 3021
2 11410
2 346278664
2 76685
1 724 2253
2 49889
1 513 4045
2 702577955
1 75 4356
2 16814
1 109 2803
2 50093
2 960396989
2 60265
1 345 7619
1 475 2794
2 41547
1 460 7737
2 11699
2 14048
1 67 738
1 658 6004
1 350 4038
2 30544
1 688 4531
1 734 7239
1 437 4499
1 914 7893
1 242 5743
1 539 2147
2 29158
2 84037
1 703 1997
2 49748
1 224 6762
1 614 5681
1 263 2197
2 605109206
1 194 8961
2 44954
2 84299
1 43 7767
2 338148102
2 23029
1 277 7863
2 38088
1 781 9448
2 494313839
1 782 4512
2 6199
1 98 2746
1 991 9925
1 575 49
1 251 9992
1 307 3694
1 279 1164
2 45106
1 639 113
2 69000
1 3 5038
1 552 8847
1 881 724
2 826850862
1 923 5027
1 692 2743
2 98957
2 79290
1 357 7916
2 5897
2 6445
1 671 8509
2 13612
1 492 5371
1 515 85
1 624 2057
2 13814
2 58543
2 529603652
1 10 9009
2 29815
1 422 2018
1 451 4941
1 193 1729
2 64801
2 51613
2 5834
2 44967
2 290977350
1 480 268
2 11933
1 582 8474
1 105 9415
2 502394134
2 81799
2 85059
1 252 2982
1 683 1745
1 203 7789
2 36711
2 67405
2 1707
2 20276
2 274184217
2 31920
1 928 342
2 1278
1 659 5932
1 285 1156
2 36901
1 298 5418
1 813 955
1 810 661
1 438 7573
1 755 7502
2 36421
1 508 4971
1 689 8761
2 783979285
1 388 5654
1 112 9471
2 80724
1 170 645
2 8773854
2 70521
2 28648
2 82138
2 49800
1 144 3791
1 521 229
1 958 449
1 271 9777
1 204 3909
1 637 4616
2 83044
2 8901
2 19356
2 20234
1 794 3612
1 859 3159
1 225 8296
2 88669
2 98633
2 498584290
2 30523
1 962 7071
2 53584
1 204 801
1 720 6010
1 510 550
1 123 9808
2 99109
1 925 568
1 236 9297
2 15199
2 18367
1 900 5239
2 59873
1 905 4986
1 217 3779
1 536 3839
2 26049
1 362 1704
2 636635481
2 50185
1 367 2648
1 593 823
2 66840
2 491994857
2 88181
2 87689
2 23743
1 16 9349
1 642 1323
1 317 8359
1 749 35
2 47385
2 37418
1 753 3260
2 51986
2 55551
2 19634
2 14452
1 182 7121
2 87372
2 27489
1 700 5405
1 120 7746
1 71 105
2 60965
2 52208
2 17006
1 746 9755
1 410 8026
1 956 9743
1 959 5075
2 7000
2 76207
1 893 5358
2 38263
1 6 1123
2 53538
2 49555
1 161 4463
1 983 3968
1 562 9621
1 848 4101
2 44949
2 703308269
1 195 9977
1 540 4618
2 55102
1 728 7525
1 945 1255
2 75852
2 9036
1 398 4427
2 21814
1 900 1873
1 923 2693
1 274 8970
2 24314
2 38762
1 950 5315
1 22 9476
2 92943
1 447 9655
1 313 4599
2 899287206
1 399 4167
2 12871
2 33456
1 970 9570
1 448 9098
1 469 7433
2 41533
2 37282
1 23 4885
1 786 81
1 753 2437
2 69356
1 865 6689
1 542 4872
1 711 9315
2 77441
2 9602
1 439 5828
2 85620
2 950397953
1 623 214
1 474 8432
1 939 4915
1 209 3505
1 599 5058
2 69898
2 77735
2 36759
2 27434
2 807931582
2 43056
1 785 5665
1 377 6242
1 450 4503
1 118 7256
1 500 6144
1 811 3974
2 77458
2 64194
1 547 496
1 51 8650
2 35209
1 716 9108
1 824 6597
1 10 7009
2 11313
1 471 7444
2 86700
1 920 1880
2 529693621
1 335 6611
2 50519
2 75942
1 724 8676
2 402824244
2 35454
1 113 5193
2 21645
2 23454
1 671 7937
2 3492
2 59027
1 458 3742
1 470 3002
2 764287146
2 18790
1 194 9810
1 460 7257
1 725 1679
2 916376100
2 28949
1 146 8604
1 623 5427
2 28562
1 731 3690
1 963 5511
1 24 6628
2 80258
1 316 7412
2 601132006
1 122 6522
1 839 9921
2 52545
1 551 9196
1 788 179
2 99698
2 11244
1 305 6891
2 90648
1 670 361
1 660 4262
1 546 1528
2 96782
1 840 4121
1 496 2600
2 42202
1 371 3765
2 68695
2 71298
1 956 1791
1 167 6155
1 292 2842
1 520 2828
2 45841
1 926 8267
2 6907
2 18615
2 86604
2 45554
2 998953681
1 110 5405
1 344 9308
2 8747
2 31599
2 839758986
1 531 6688
1 661 6503
1 76 807
2 25594
2 50939973
1 835 5967
1 574 5510
1 130 3587
1 516 9770
2 666068313
2 62656
1 464 493
1 394 5574
1 634 805
2 462276567
2 79326
1 954 5505
2 37693
1 248 2661
2 2892366
2 6823
1 685 5141
2 94044
2 36392
2 420743718
2 37685
2 21050
2 31696
2 65167
2 531085501
1 858 4755
1 262 8703
2 9313
1 22 4818
2 321349484
1 838 4576
1 154 8759
2 28205
1 716 1958
1 799 5729
1 141 5505
2 64518
2 13236
2 50027
2 864176288
1 627 4868
2 92290
2 77575
1 282 8964
2 79305497
1 558 571
1 277 1759
1 372 5907
1 281 1948
2 388151780
2 23949
1 455 883
1 739 7877
1 376 1685
1 303 2043
1 612 2495
2 59137
1 932 6263
1 933 2585
1 947 8804
2 50348
2 14117
2 21217
1 957 5405
1 969 8425
1 146 6250
1 343 986
2 47457
1 130 1744
2 181854189
1 658 7177
2 22737
2 86368
2 60382
1 774 1680
1 643 6245
2 30952
1 770 810
1 486 4159
2 715781697
1 625 7091
2 80922
1 219 1588
2 23995
2 635408946
2 25720
1 219 9638
2 65599
1 448 5611
2 92689853
2 49810
1 560 396
2 12428
2 54487
1 899 533
1 200 394
2 60280
1 171 9269
1 933 5426
2 722803373
2 4458
1 858 988
1 37 9066
1 815 394
2 763167330
2 24416
1 220 6167
2 71444
1 804 1175
2 396330658
2 91388
1 252 6173
1 105 6757
1 16 3776
1 60 5050
1 616 3647
2 18499
2 84748
2 44843
1 512 4574
2 76193
2 40029
2 79333
2 69256
2 778214050
1 659 2745
1 89 4229
1 93 4455
1 456 1476
1 144 2685
2 61809
2 87950
1 615 5443
2 17031
2 907799837
1 551 6201
1 757 7483
2 35755
1 989 3462
1 295 4365
1 650 2586
2 71716
2 651
2 20515
1 598 531
2 64505
1 146 5086
2 63325
2 54029
1 284 9359
2 1474
1 397 6084
2 78657
2 27151
1 164 7377
1 81 1569
1 580 2444
1 744 6307
1 292 3961
1 131 9578
1 640 5705
2 74241
1 603 7949
2 44354
2 474099765
2 56222
1 355 5871
2 96416
1 862 3362
2 663330758
1 707 5913
1 617 7247
2 15202
2 33821
2 973895995
2 52536
1 880 3970
2 87386
1 586 6327
1 903 5461
2 33878
1 635 1183
1 431 6312
2 41788
1 765 8622
2 31916
2 53225
1 437 8315
1 971 900
1 966 8768
2 93152
1 345 7429
1 421 9034
1 838 4827
2 527374068
1 93 5669
1 766 5543
1 331 6170
1 875 7744
1 966 8819
1 18 7119
2 93462
2 61791
1 957 1752
1 342 4076
2 11452
1 940 1416
1 270 9517
1 592 703
1 544 6175
1 778 2609
1 728 9868
1 501 2883
1 127 811
1 84 4185
2 47439
2 95944
2 35918
2 51919
1 131 7411
2 34498
2 72151
1 695 9701
1 955 7692
2 132951712
1 937 1819
1 117 876
1 418 1099
2 14666
2 102387431
1 581 629
1 421 9183
1 300 4304
2 33897
1 888 9919
2 67240
2 46869
1 887 2582
1 296 4522
2 235300517
2 41184
2 63321
2 35702
2 53644
2 622544799
1 169 1523
1 972 6902
2 13891
2 5050
2 179323901
2 10324
1 745 8943
2 30711
2 47070
1 88 2166
1 264 5267
1 97 81
2 27335
2 93241
1 639 8005
1 339 3345
2 57709
2 30232
1 679 2439
2 360687368
2 16326
2 1205
1 826 6837
2 15116
1 840 6347
1 37 999
2 46832
1 608 8746
2 52884
2 689775569
2 84432
1 161 564
2 30905
1 147 5671
1 656 3697
1 488 5658
1 637 5973
1 783 5962
2 44382
1 213 2584
2 18839
1 751 5805
2 63349
1 469 1622
2 421211086
1 298 9435
1 582 8174
2 55537
2 95201
1 843 2914
2 58150
2 91666
2 42366
2 45407
2 875546729
2 63832
1 48 618
2 59290
2 36333
1 758 7251
2 9500
1 642 6373
1 75 5105
2 23459
2 772102199
2 36925
1 802 9150
1 752 3950
2 79974
2 766349690
1 279 9193
1 262 516
2 58620
2 52803
2 182369518
1 274 9949
1 883 8880
2 74820
2 74527
2 408992902
1 729 3272
2 85882
2 29761
2 33579
1 173 8965
2 18998
1 313 8438
1 157 913
1 447 6291
1 149 2751
2 31067
1 799 5814
1 840 4395
2 68059
2 793872719
1 800 7514
2 37006
1 674 1128
2 39559
1 108 7059
2 43786
1 156 3699
1 876 3978
2 96597
1 463 7286
1 711 1343
2 21992
2 26072
2 70795
1 953 2739
2 29051
2 4387
2 46490
2 96483
1 51 9146
1 161 5120
1 777 6446
1 192 1007
1 21 1371
1 820 1964
2 19656
1 452 5173
2 78384
2 13094
2 232645676
1 272 7478
1 892 1914
2 28177
1 502 9076
2 293554728
2 25370
1 338 9801
1 124 2217
2 69783
2 921175839
2 56472
1 899 155
2 43887
1 627 5238
2 220110849
1 838 7594
1 241 7164
1 291 43
1 890 5059
1 849 3412
2 36700
1 399 2372
1 861 813
1 250 9424
1 838 789
1 177 3370
2 59422
2 87382
1 773 3142
1 545 786
2 61643
2 79510
1 164 3917
1 228 1975
1 90 3199
2 61294
1 473 2401
2 88357
2 23452
1 121 8796
1 704 1682
2 73482
1 883 174
2 95384
1 500 5789
1 47 7340
1 339 5261
1 900 1805
2 68137
1 961 8118
2 64416
2 88848
2 5871
2 86242
1 958 3989
1 720 5774
2 42489
2 73139
2 22847
2 171092500
2 44108
2 49411
2 62374
1 212 5012
2 325651896
1 686 3571
1 7 8134
1 225 8565
2 52822
1 965 7742
2 6107
2 24998
1 23 1371
2 76981
1 833 4387
1 653 2754
2 15944
2 10075
1 762 160
1 182 1340
2 85940
1 142 7641
1 753 8053
1 73 3536
2 273424315
1 928 8945
1 976 3325
2 46613
2 47032
2 82620888
2 6272
2 79902
1 664 7057
1 389 4945
1 620 696
2 68506
2 13052
2 71433
2 44206
1 457 3984
1 623 7332
2 65020
1 990 5372
2 56859
1 307 5345
1 282 4702
2 93394
1 364 7929
2 65785
2 662177269
2 75285
1 514 4724
1 652 3088
2 2663
1 794 8910
2 85799
1 755 7137
1 861 243
1 952 4850
2 839560981
2 53238
1 499 6287
2 92145
1 164 6288
2 514749556
2 30917
1 545 2041
2 34429
1 496 5168
2 178169985
2 40983
1 97 384
2 65840
1 85 828
1 340 9404
2 26520
1 53 2317
2 68442
2 42039
1 797 1602
1 451 2252
2 70223
2 41887
2 34220
1 208 7703
1 630 9461
1 471 7032
1 442 5829
1 162 4780
1 843 6787
2 39020
1 3 4284
2 18605
2 41312
1 805 1153
1 691 914
2 77999
2 82168
1 821 5308
1 438 9755
1 734 7917
2 12397
1 499 9166
2 221
1 914 9451
2 62636
2 44834
2 18378
2 84975
2 417387366
1 316 3332
1 808 2308
2 95588
2 39998
2 730279341
2 98715
1 671 9061
2 70543
2 41815
2 795391089
1 286 7490
1 949 3589
2 95048
1 92 1962
2 896744302
1 948 4280
1 13 9797
2 49740
2 35841
1 554 2629
1 593 1566
2 51641
1 123 4304
2 98098
1 433 7903
1 587 4373
2 68574
1 951 1853
2 73534
2 452467042
2 36278
1 238 5441
2 17072
1 383 1010
2 412430636
2 49355
2 73201
1 677 5949
1 703 3185
2 852213616
1 610 9832
2 43539
2 14346
2 19568
2 368208899
1 427 8353
2 89846
1 721 5521
1 642 5643
2 556995043
2 54613
2 32217
2 46606
2 17800
2 102372708
1 437 900
2 8037
2 88678
1 163 5863
1 116 6526
2 59301
1 441 1888
1 35 8937
2 54934
1 577 6055
1 16 878
2 90844
2 81962
1 930 8658
2 984415376
1 8 2261
2 27322
1 602 6734
1 158 6280
1 951 2215
1 598 1953
2 85840
1 918 7381
1 310 6980
2 916504507
2 35138
1 173 7056
1 638 8761
1 341 7149
1 320 1541
2 50544
2 16982
1 771 4814
1 531 1448
2 776579795
2 45023
1 534 5309
1 666 2391
2 30445
2 439580289
1 355 1479
1 809 5882
1 159 5980
2 37962
1 111 6652
2 10315
1 716 7371
2 3882
1 595 1154
2 621165173
2 10464
1 18 8893
1 691 5764
1 676 2007
1 20 2472
1 944 7047
1 79 7511
1 82 4671
1 890 6644
2 700752931
1 243 2921
2 689
1 772 3819
2 40371
1 882 6808
2 78242
2 89581
1 784 7270
2 89923
2 675605340
1 537 6143
2 33409
1 404 5352
1 539 1423
1 738 6384
2 37759
2 67197
2 45480
1 183 3211
2 838023390
1 636 6546
1 337 6979
2 40209
1 854 3137
1 606 175
1 290 3068
2 44422
2 42981
1 938 9539
2 483000499
2 1735
1 433 6917
1 164 8085
2 44794
1 234 7974
2 15536
2 65216
2 34316
1 531 8010
1 185 1468
2 11317
2 349
2 37057
2 49791
1 231 6557
1 862 6673
1 465 8460
1 306 3848
2 56525
2 270304306
1 200 2944
1 712 205
1 99 8735
1 909 9053
1 836 4443
2 61768
2 23164
1 954 7497
1 253 168
2 686271692
1 431 9056
1 11 2507
2 95224
1 215 497
1 104 7871
2 4833
1 611 5683
2 54667
2 14487
1 677 2993
1 976 8939
1 717 878
1 292 8923
2 65098
2 401520653
2 8381
1 765 3504
1 567 2023
2 51402
1 389 2338
2 61668
1 924 582
1 450 9314
2 98302
2 918677306
2 44908
2 39523
2 27320
1 193 2148
2 764050905
1 507 6313
1 578 580
2 75192
1 414 4323
2 703218085
2 12497
1 292 3590
1 618 101
2 19268
1 397 5331
1 430 1826
2 46124
1 49 4456
1 477 1804
1 956 2725
2 20027
2 69589
1 814 2989
2 35233
2 112035835
1 564 6634
1 790 2121
2 86522
1 412 3716
2 806316851
2 55656
1 959 5600
1 400 6660
1 542 1805
1 269 9719
2 67835
1 593 1442
1 578 1582
1 376 1778
1 912 1977
1 566 2438
1 254 7412
2 92490
2 49608
2 426740342
2 11246
1 162 3002
2 31598
1 944 7428
2 331425055
1 406 9002
1 1 2000
2 66209
2 28716
2 246929085
2 43199
2 34877
2 99900
1 67 9874
2 352649694
1 296 1010
1 202 2341
2 3237
1 298 9558
1 191 4224
2 55671
2 27876
1 842 7201
2 64882
1 548 5278
1 41 4979
2 32357
1 107 7757
1 134 9137
1 605 3209
1 775 126
1 864 3800
1 20 5931
2 80636
2 228378399
1 100 8147
1 563 5469
1 910 5826
1 640 4051
1 87 1560
1 937 4293
1 316 8648
1 300 8927
2 96145
2 571434807
1 454 4068
1 873 5964
2 12615
2 9201
2 25885496
2 76622
2 60327
1 36 9539
2 15926
2 439870998
2 35491
1 489 2329
1 847 7034
1 234 5968
2 716522850
1 199 6180
1 428 9692
1 965 9234
2 5485
2 772761139
1 64 1697
2 29019
2 76343
1 309 2578
1 317 8450
2 75845
2 70182
2 29749
1 92 293
1 559 1984
1 451 7771
2 6244
1 4 9974
1 763 2829
2 682367200
2 19158
1 353 2880
2 28234
1 644 2294
1 475 881
1 598 1889
2 29706
1 502 5761
2 99343
2 71087558
2 45853
2 62410
1 552 558
1 121 9118
2 656092461
1 694 8836
2 25517
1 456 1234
2 61141
1 360 4307
2 62991
2 61152
1 488 9786
2 89434
1 359 8118
2 83320
1 73 39
1 380 844
2 48804
1 287 6068
2 21519
1 348 8155
1 627 6195
1 97 1484
2 379485311
1 808 215
1 233 5251
1 965 1402
2 66276
2 767920007
1 316 2574
1 615 9269
2 65758
2 80739
1 983 7349
1 116 5742
1 796 2857
2 40355
1 331 5652
2 210622535
2 63913
2 6371
2 78015
2 74866
2 807505456
2 72280
1 326 8023
2 63051
1 939 4937
1 215 7530
2 50637
1 102 505
1 245 7341
2 75850
1 338 6615
1 145 3310
2 80744
1 307 2858
1 316 5227
2 694171165
2 45613
1 263 570
2 38606
1 805 7820
1 77 272
2 18320
1 737 9432
2 64930
2 7288
2 818299563
2 44341
1 375 1737
2 33898
1 209 9220
1 431 3235
1 113 1064
2 43865
1 983 3146
1 513 1440
1 273 7925
1 103 3731
2 61330
1 804 3730
1 618 7890
1 496 538
2 12555
1 197 1022
1 693 5262
2 19518
1 164 6486
1 631 1881
1 880 4722
2 54729
1 695 8445
1 602 8104
1 793 243
1 156 9217
2 45161
2 23308
1 507 9043
1 650 9693
2 58180
2 93127
2 4910
1 977 2591
1 425 2358
2 50627
1 649 6978
1 315 9949
1 258 6211
1 935 7644
2 98626
1 22 2624
1 110 6986
1 437 6529
2 29727
2 74723
1 765 8488
2 10353
2 775451649
2 20439
1 192 2555
2 72113
2 85726
2 301825739
1 500 9962
2 77080
2 3197
1 452 1540
2 792899447
1 311 8940
1 246 9219
1 484 3904
2 6231
2 985306091
1 730 6386
1 991 1756
2 11450
2 29137
2 463914128
1 436 7786
2 50253
2 50088
2 85668
1 303 9107
1 844 5248
2 43417
1 949 1687
1 975 7408
2 771707151
1 656 4737
1 45 7866
2 99448
2 9364
2 991166501
2 73714
2 48205
2 15491
2 51670
2 680484048
2 55835
2 96414
1 183 6284
2 15224
1 243 849
1 447 5863
2 37236
1 168 499
2 76517
1 760 9623
2 3348
1 602 4243
1 660 825
2 11109
2 410149852
2 77612
2 36815
2 12598
2 86307
1 820 6897
1 713 8226
2 20863
2 73694
1 144 6969
2 510207566
2 26910
2 96410
2 25696
1 49 4956
1 869 3954
2 52273
1 135 8799
2 94976
1 601 7135
2 173677168
1 392 7501
1 215 9947
1 756 3701
1 82 2082
2 272031327
1 346 5899
1 352 5052
2 87884
1 614 3242
1 218 684
2 64927
1 538 3664
2 60133
2 64812
1 104 3190
2 62108
2 58859
2 77959
2 262
2 499086653
1 385 2055
1 844 525
2 37732
2 224
1 867 9570
1 357 4446
2 43932
2 9298
2 65998
1 375 9015
1 358 5929
2 23536
2 16040
1 5 9388
2 123083673
2 81263
2 36625
2 39346
2 58958
2 261090050
1 139 3565
2 3723
1 268 8755
2 38118
2 520110505
1 125 9790
1 303 1102
1 317 6561
1 744 4392
2 497497476
1 630 2592
2 26117
1 573 7004
1 120 1499
2 208561320
1 11 4218
2 99876
1 336 1858
2 69870
1 744 2459
2 71343
1 385 1188
2 35922
1 670 5749
1 490 1692
2 5104
1 472 676
2 23864
2 42739
1 756 8512
2 71173
1 592 4323
1 856 1031
2 25046
1 569 1551
1 691 501
1 815 6447
2 23078
2 65453
2 909600730
2 64775
1 200 2769
2 49669
1 555 2170
1 265 5622
2 81564
2 89277
2 1477
2 55596
1 278 7598
1 60 3864
2 15244
1 305 8355
1 13 778
2 669568070
1 432 7596
2 1972
2 45349
1 644 7143
1 506 5342
2 60871
1 655 5332
2 32671
1 875 5436
1 344 7180
2 32074
1 658 8617
2 33052
1 400 6527
1 439 9424
1 919 6208
1 766 9271
1 880 1064
1 938 4700
2 763245318
2 60009
1 70 28
2 83351
1 454 1830
1 116 7845
1 920 3103
1 550 8036
2 82945
1 577 2328
2 169631264
1 570 5935
1 32 732
1 275 296
2 28137
1 84 168
1 42 2379
2 77483
2 53983
1 415 5768
2 461276952
1 291 9588
1 423 7862
2 74065
2 63927
2 681407815
2 9733
2 66181
1 746 6595
2 25337
1 952 9993
1 722 4188
2 37065
2 29962
2 6169
1 481 6828
1 522 1748
2 20281
1 480 1581
1 834 1407
2 27255971
1 521 4851
1 460 1256
1 122 8966
1 171 8853
2 719273784
1 792 1656
2 7141
2 80248
2 60530
1 255 7835
2 42532
2 58586
2 50412
2 33758
1 143 5054
2 36773
1 882 356
2 43290
2 59745
2 690360413
1 319 1130
1 325 2952
2 94424
1 869 5832
1 503 3141
2 7167
2 82056
2 51963
2 49297
2 599955772
2 52165
1 955 4363
1 564 4789
1 748 7817
2 888055190
2 86188
2 20090
2 20948
1 936 4072
1 620 7960
1 373 2594
1 978 9121
1 519 3950
1 495 3782
2 886673731
2 28331
1 435 7276
1 145 2394
1 110 8010
2 32977254
2 58585
2 29332
1 837 760
2 23424
1 631 5606
2 80050
1 865 2366
2 30248
1 974 1115
1 307 4139
1 898 6740
1 268 3735
2 87470
2 70012
2 578183569
1 26 6011
2 32818
2 58738
1 796 5205
2 729380060
1 916 4265
2 99850
2 64232
2 22427
1 127 3558
1 219 8044
2 67594
2 76195
2 53600
1 664 2638
1 188 7452
1 670 9881
1 35 1556
2 51769
1 539 7119
1 238 6050
1 545 1498
1 285 5415
1 194 105
1 909 1822
2 31596
2 53042
1 800 1371
2 76611
1 645 2923
2 48895
2 58748
1 931 8724
2 12112
2 188768275
2 48852
2 17250
1 4 3440
1 180 2518
2 328226043
2 41371
2 98434
2 50899
2 77372
2 133533306
1 693 4022
1 667 5173
1 145 7777
2 63447
2 961034211
2 55417
2 6669
1 714 4237
2 82633
1 803 9261
1 685 946
2 32562
2 81872
1 174 8983
1 488 3707
2 15903
1 68 2271
2 12736
1 638 2821
2 887854897
2 20734
1 425 8553
2 3619
1 878 5142
1 976 2415
2 8895
1 923 7323
2 35337
2 27221
2 772815202
1 882 1807
2 73674
2 16589
2 9663
2 697110091
2 42310
2 39516
1 862 3992
2 90082
1 586 2246
2 76548
2 37433
1 448 9935
1 935 1237
1 587 7303
1 219 7444
2 21020
2 93207
1 841 10
1 88 354
1 516 8680
1 358 2369
1 259 2576
2 96682
1 854 8372
2 85815
1 177 7609
1 739 2614
1 974 7387
2 249804020
1 36 1098
2 67936
1 658 2436
1 466 1302
2 416861727
2 19055
1 463 5548
1 325 6184
2 36741
2 171033019
1 487 8183
1 41 4451
1 960 6425
1 481 4264
2 257079253
2 29294
2 60130
1 186 5208
2 94523
2 196556519
1 875 1349
1 930 7538
1 216 1155
2 35591
1 690 1712
1 967 6323
2 42268
1 165 6212
1 857 1367
1 216 9921
2 36819
1 368 2358
1 189 705
2 34800
1 980 5543
2 18769
2 25145
1 644 849
2 26062
2 414298581
1 655 6907
1 696 2711
1 966 920
1 534 8617
2 35851914
2 88660
1 54 5658
1 301 7827
1 65 8097
1 917 6062
1 360 2819
2 21233
2 34592
2 14897
1 372 4394
1 755 6193
1 282 5216
1 303 2188
1 135 4865
1 265 2815
2 58707
1 212 5766
1 325 1267
2 35648
1 921 8651
2 82066
1 919 2100
2 41438
2 30113
1 484 8509
2 47991
2 1028
2 93072
2 4274
1 554 5424
2 45816
1 547 2776
2 42554
1 257 9999
1 384 4843
1 451 7844
2 28751
2 48115
1 659 1955
1 431 4312
2 34510
1 668 640
2 94951
2 4816
2 27503574
1 700 2516
2 3967
1 559 7768
1 224 9233
1 876 7418
2 65604
1 565 7238
2 71188
1 547 9084
1 759 9567
2 73472
1 587 7117
2 32009
2 33648
2 506140828
2 21173
1 509 4230
2 89022
2 98195
2 653124331
1 636 7284
2 32923
2 67574
2 54334
2 55984220
1 923 424
1 310 9573
2 42901
2 74152
2 796076443
1 700 9530
1 306 6443
1 773 4305
2 89997
2 12016483
1 144 8628
1 215 579
2 48339
2 18516
2 307639057
2 89265
2 75734
2 41820
1 578 1826
1 685 3911
2 11726
1 165 2188
1 702 4210
2 97377
2 967619622
2 38571
1 138 7410
2 56872
2 17368
2 461723516
2 73028
1 603 1520
2 49673
2 41289
2 860624263
2 47409
1 530 3434
2 90412
1 221 7455
2 937627423
2 23279
2 38929
2 2613
2 19060
2 851746747
2 87949
1 887 9954
1 561 5708
1 292 8234
1 396 6487
1 338 5570
2 32854
1 602 2017
1 11 5477
1 861 8194
1 765 8227
2 56577
1 560 216
2 12808
2 113689329
1 392 2772
1 974 1786
1 3 9759
1 275 6447
1 602 3592
2 60066
1 554 4842
1 234 9001
2 31157
1 512 4517
2 74939
1 167 1646
1 285 3330
1 37 2280
1 342 6501
1 804 8960
2 14479
1 921 6117
1 603 5143
2 670373869
2 65375
2 94182
2 36953
1 403 6974
1 473 1634
1 296 382
1 119 8138
2 94813
2 88728
1 778 4615
2 15117
2 58954
1 173 6033
1 805 9763
2 114013421
1 548 7040
2 88047
2 61529
2 73533
1 184 9087
2 59305
1 703 6974
2 94267
2 78700
2 76416648
2 58889
2 29338
1 711 5104
1 231 9768
1 274 8883
2 22447
2 41144
2 5321
2 15935
1 407 3958
2 13105
2 54899
2 65445
1 907 1871
1 747 2945
1 173 2408
2 45471
2 37660
2 45827
2 957108542
1 505 7352
2 93912
2 18361
1 419 7749
1 121 5208
2 53977
1 824 2667
2 14206
2 42072
2 512450683
2 51004
2 46564
1 27 3601
1 340 5057
2 864073553
1 326 8899
1 41 5503
2 74803
2 30878
1 25 2137
1 987 8830
1 703 5567
1 847 4928
1 469 6307
1 918 349
1 801 1380
1 299 3061
2 32312
2 74214
2 343006530
2 2271
2 86356
1 452 9861
1 750 4407
1 590 3441
1 24 9003
1 650 2602
1 423 6141
2 96962
2 336586892
2 2499
2 88389
1 652 1586
1 567 836
1 366 438
2 54136
1 174 7764
2 79890
2 55440
1 255 1727
2 92662
1 123 1216
2 55204
2 36815
1 715 3211
1 724 6090
2 75870
2 86215
1 147 4530
1 911 4206
2 74124
1 442 1038
2 91186
1 551 4260
2 380418791
2 14238
1 390 4574
2 11617
2 62516
1 744 1209
2 17546
2 11204
1 531 3383
1 712 9272
1 676 787
2 87067
1 137 7280
2 20645
1 612 1973
1 460 771
1 779 8984
1 330 9497
2 4970
1 278 8558
2 363392722
2 80204
1 372 1371
2 41096
1 928 3027
1 115 4489
2 62630
2 39924
1 566 4149
1 879 3991
1 246 7516
1 5 4285
2 78237
1 967 5821
2 71737
1 351 2344
1 861 3492
1 739 8393
1 399 8857
2 37541
1 314 1335
1 642 2887
1 905 7814
1 46 2774
1 130 721
2 477241485
2 4403
2 61734
2 14830
2 5244
1 523 7692
2 67863
2 90603
1 413 1394
2 86834
1 795 9614
1 513 9868
1 386 9063
1 238 9499
1 236 2536
2 248788468
2 42708
2 6611
2 93648
1 159 7495
2 233965991
1 942 1442
1 89 9093
1 48 8143
2 27748
1 890 687
1 567 7681
2 85417
1 795 4360
2 58897
2 585056862
2 4772
2 15480
2 23964
1 838 5325
2 587319994
1 379 3916
1 107 469
2 14132
1 196 4808
1 336 2796
1 705 5628
1 77 1956
2 97357
2 1550
1 86 2266
1 285 1703
1 588 5011
1 372 5575
1 823 7284
1 326 9918
2 97756
2 14722
1 709 3083
1 924 5741
2 401112581
2 13589
1 618 1223
1 85 4100
1 511 1013
1 936 2370
2 1279
2 11378
1 73 5507
1 956 5229
1 168 4211
1 956 9753
1 873 2390
1 51 1932
2 23179
1 318 5469
2 91199
1 408 137
1 488 9470
1 972 3986
1 150 9329
2 35888
2 40619
2 64832
1 190 7347
2 782877255
1 718 3825
1 797 4543
2 51880
1 204 7541
1 898 214
2 43951
1 900 2108
1 423 929
1 678 6688
2 157797922
1 233 3761
2 72659
1 860 4030
2 60739
2 754916317
2 73097
1 451 5866
2 19241
2 36120
2 963661181
2 87154
2 73377
1 619 7496
1 673 8266
2 967771272
1 114 3961
2 35663
1 364 7790
2 93304
2 970382109
1 256 8520
2 71992
2 90833
1 722 1352
1 818 7467
2 644
1 356 7099
1 481 1458
2 94750
2 196993277
1 450 6428
2 92347
2 51696
1 985 1045
1 69 7665
2 75503
2 41036
1 611 5720
2 57816
1 934 1058
1 234 2936
1 383 6924
1 430 5840
1 798 5309
1 505 9994
1 810 7344
1 801 452
2 15233
1 16 2408
1 474 2327
2 7429
1 746 5441
1 169 3228
2 18017
2 54835111
2 31516
1 202 2617
1 6 2527
1 255 2631
2 967153265
2 30265
2 56266
1 603 2829
1 136 6689
1 81 1528
2 66903
1 222 6036
1 559 8237
1 83 9709
1 433 6219
1 539 2702
1 908 8961
2 32634
1 39 1659
2 523085702
2 15669
2 98541
1 987 6126
1 806 4547
1 807 7597
1 622 2426
1 697 3339
2 81210
2 12874
2 21658054
2 85720
1 794 9517
1 474 3889
1 986 2658
1 443 7808
2 49202
1 227 7341
1 963 4370
2 56759
1 919 3438
1 917 9938
1 819 5823
1 591 4877
2 95065
1 278 8028
2 19378
2 21088
2 75690
1 714 3557
2 437120976
2 67860
1 81 3546
2 26440
1 607 6515
2 30679708
2 68367
1 158 6880
1 328 5794
1 921 2780
2 199397533
1 156 162
1 452 1285
1 645 5705
2 20284
1 19 479
1 501 4164
1 935 8256
1 810 1856
1 68 4726
1 312 1170
2 70317
1 712 6885
2 98830
1 41 6471
1 935 7455
2 93398
2 17748
2 92945
2 56820
1 68 8033
1 135 7618
1 503 5017
1 206 3323
2 65360
2 193692452
2 34161
1 880 2214
2 64413
1 570 1279
2 940419132
1 287 6525
2 49869
2 61213
2 67094
1 691 7848
1 395 4084
1 681 667
1 630 4692
2 55606
1 49 2817
1 830 7110
1 412 2299
1 862 370
2 83701
2 195828795
1 677 3364
2 57080
2 50651
1 666 3048
1 398 9397
2 30146
2 57448
2 92724
1 571 1374
2 351190913
2 73731
1 552 724
1 831 7136
1 689 5714
2 223682432
2 81966
2 2336
2 39588
1 935 4400
1 118 5763
2 6338
1 299 5187
1 425 4446
2 32820
1 691 7917
1 177 387
1 302 3272
1 256 9536
1 824 7521
1 782 8113
2 67622
1 660 5073
2 46467
2 310
2 754960086
2 47154
1 26 1305
1 306 5293
2 32865
1 603 7726
1 303 7610
2 88424
1 381 7421
1 61 6872
2 781725551
2 18327
2 89472
2 56266
2 58223
2 839690825
1 519 1955
1 850 2432
1 312 5326
1 340 3755
1 947 6427
1 667 7389
1 109 8100
1 624 7825
1 602 5085
2 660658064
2 48540
1 413 6647
1 918 8862
1 266 6989
1 850 570
2 96912
2 37908
1 402 9599
1 35 5739
1 946 4087
1 446 4220
2 59886
2 15230
2 60897
1 129 7067
1 917 1648
1 523 6248
2 61675
1 431 280
1 212 4588
1 55 745
2 79792
2 16207
1 903 1320
1 253 6171
1 373 3298
2 67207
2 25646
1 948 5563
2 848717235
1 501 9308
1 485 419
2 78554
2 28294
1 537 7452
1 867 7686
2 87097
2 32985
2 62781
2 368374107
2 7953
2 57192
2 72161
1 443 8164
1 827 1193
2 66664
1 499 197
2 84140
1 220 6453
1 11 5221
2 15564
2 13111
2 90426
1 671 5176
2 535258645
2 26860
2 36210
2 68799
1 619 9421
1 619 3683
1 935 3446
1 454 2954
1 400 8092
2 72980
1 887 796
2 27003
1 424 6590
2 29782
2 55484
1 21 4559
1 744 4320
1 964 9891
2 14996
2 46660
2 743699739
2 56381
1 13 7562
1 582 8767
1 247 7837
1 368 622
1 178 967
2 53470
2 16345
2 76141
2 14783808
2 23926
2 2703
2 92587
1 611 2729
1 452 9207
1 838 2905
2 13142
2 16185
1 726 9025
2 513472375
2 39733
1 757 4023
2 55128
1 764 5717
2 329392494
2 94765
2 60548
1 888 7801
1 756 1876
2 50273862
1 524 6813
2 99846
1 494 1723
1 185 8221
1 643 5483
1 567 8221
2 20070
1 680 3458
1 584 3104
2 436719845
1 742 5639
2 99977
2 51601
1 835 1635
1 562 389
2 86733
2 86695
2 48360
2 64508
1 966 5327
2 39807
1 901 9685
1 539 25
2 99355
2 102253626
1 278 4127
2 40092
1 651 9087
1 366 4041
2 112539103
2 64584
1 402 7267
2 20798
1 250 6440
1 404 187
2 42563
1 256 2809
2 494
2 75669
1 112 5379
2 565
2 79238
1 503 3511
1 696 9530
2 837790706
2 43322
2 11707
1 667 8571
2 19315
2 980675618
1 347 461
1 322 2851
2 39883
2 53031
2 367286769
1 310 3541
2 36814
2 24681
2 78114
2 758114621
1 17 5083
1 780 2877
1 188 8720
1 174 5274
2 931982347
2 45709
1 937 3426
1 516 9598
1 208 7247
1 793 7236
2 38936
2 48255
1 910 8545
2 33608
2 175409643
1 190 555
1 329 3512
2 63726
1 602 2206
1 507 8906
2 89350
1 253 2422
1 804 9799
2 86252
2 577051748
2 79500
2 42638
2 25389
1 720 1357
1 928 3188
1 115 9392
1 500 4716
2 39232
2 79927
1 937 2778
1 515 7166
2 29744
1 919 4697
1 296 2956
2 824233793
1 952 1051
2 8162
2 88409
2 20204
1 385 4517
2 16565
1 317 2990
2 60268
1 272 3604
2 705809785
1 937 6894
1 170 6901
1 670 9048
1 196 7165
2 438096177
2 67095
1 43 4461
2 87148
1 313 2845
2 498432092
1 835 4171
1 130 2570
2 42799
2 30184
2 845092608
2 7693
2 1562
2 75681
1 322 5744
2 328711186
1 841 1879
2 55140
2 11702
1 707 5156
2 281924322
1 750 3659
1 17 5526
1 890 6039
1 336 2308
1 481 6175
1 140 2466
1 305 230
1 562 2339
2 15080
1 554 1242
2 61412
1 175 4691
2 41673
1 830 953
2 16193859
1 553 4856
2 71861
1 674 9878
1 184 3068
1 765 7996
1 695 2896
2 24421
1 315 6392
1 269 4889
2 554906179
1 989 7915
2 21368
2 10865
2 83721
2 995071561
2 36866
1 375 9550
1 419 8074
1 565 949
2 765234138
1 607 434
2 44862
1 286 931
2 31127
2 122525423
1 499 4128
2 28621
1 812 283
2 79364
2 32559586
2 45752
2 58427
2 23203
2 50706
1 764 195
2 12287
1 408 8788
1 619 7297
2 5541
1 229 2121
1 114 7928
1 393 3629
2 91853
2 29537
2 463039741
1 944 1089
2 76789
1 455 5919
2 53494
1 229 4247
2 9984
1 216 8347
2 34215
1 803 2729
2 805719110
1 204 8390
2 84206
2 31892
2 88254
1 735 5785
1 953 115
1 557 2264
1 968 6414
2 28658
1 636 6207
2 6344
2 10803
2 24792
2 6143
1 718 4958
2 91163
1 15 5605
1 20 6716
1 330 9378
1 476 2761
2 98227
2 57105
1 627 7973
1 815 1268
1 941 9244
1 131 3173
2 78519
2 18141
1 73 8055
2 970363814
1 119 7179
1 258 8766
1 745 6593
2 93617
1 926 7245
2 2397
1 827 3862
2 60822
2 18663
2 192880634
1 150 9324
2 89820
1 462 5472
1 555 1143
1 515 1579
1 238 3711
2 94900
2 3462
1 451 1260
1 194 1923
1 731 4533
1 143 6029
2 38107
1 235 4708
2 921648960
1 257 5291
1 453 8674
1 159 409
2 94557
1 214 1378
1 744 7279
2 81502
2 60270
2 29987
1 771 8127
1 581 8094
1 794 2250
1 868 3196
1 527 9265
1 522 4709
2 34041
1 332 3759
1 128 7999
1 956 9868
2 493446898
1 56 9655
1 287 2895
1 299 7848
2 42090
1 840 2913
1 929 3562
1 935 4878
1 646 3873
2 49580
1 607 1027
2 37528
2 81635
2 24261
2 60223
2 350053005
2 40341
1 141 4599
2 48499
2 53277
1 93 3336
1 19 7080
1 476 1117
2 28188
1 916 3701
2 317770024
1 126 4042
2 46298
1 381 9813
1 420 7010
1 574 1192
1 983 7553
1 160 9708
1 386 4433
2 96429
2 179854075
1 97 7242
1 755 4082
1 957 8827
1 155 1928
2 92290930
1 987 5751
1 694 2601
1 759 1632
1 931 5293
2 106587210
1 700 742
2 61621
1 164 8376
2 74391
2 673684169
2 43319
1 540 3758
2 47253
1 313 513
1 786 4713
2 8668
2 73061
2 30467
1 585 2303
1 448 7152
2 91835
2 1009
1 565 5839
2 31936
2 52041982
1 195 2287
2 15365
1 382 2909
1 146 242
2 417710259
2 75402
1 221 553
1 733 9663
1 703 5237
2 143660526
2 67902
1 726 6837
1 394 7716
1 447 7855
2 894084954
2 70101
2 96105
1 447 462
2 40764
1 222 9394
1 265 5653
2 9136
2 45290
1 123 4091
1 877 3116
1 198 2847
2 17751
1 292 930
2 63568
2 162646686
1 213 8483
2 68301
2 74711
1 563 6394
1 377 77
1 469 6188
2 1800
1 137 8547
2 77232
2 62916401
1 201 5741
1 295 9942
1 236 3465
2 60946
2 232180102
1 348 6837
2 91625
1 689 9325
1 205 2902
2 798826391
1 917 7889
1 269 5831
2 60543
1 939 7098
2 441832743
2 77675
2 69879
2 36594
2 66958
2 172936328
2 18091
1 33 4319
1 721 6712
1 984 9496
1 367 9879
2 53723
1 828 3456
1 767 6192
1 218 8046
1 631 6627
2 1098
2 62391
1 72 514
2 7766
2 307877394
2 51778
1 734 7449
2 57976
2 39951
1 52 9115
1 144 7923
2 32085
1 189 4678
2 77843
1 753 2028
1 447 3020
2 87806
1 747 2006
2 86007
2 921296378
2 49888
2 81162
1 659 4464
2 84178
1 323 3539
2 11486
2 24771
2 56318
1 346 7521
1 914 8638
1 703 6827
1 83 2210
1 861 9037
2 32228
2 440139518
2 78203
2 17371
2 28608
2 26378
2 998183216
2 53774
2 35021
2 47239
1 896 322
2 572798949
1 602 8935
1 282 2459
2 11771
1 492 7122
2 556913560
2 93166
1 634 2027
1 868 7345
2 60299
1 896 3573
1 258 989
1 976 1500
1 100 8774
2 8250
2 656120542
2 1343
2 16446
1 279 2080
1 602 4951
2 455949394
2 30808
1 433 4855
1 118 1376
2 47238
1 155 3009
1 65 6386
1 729 64
1 500 403
2 56873
1 77 906
2 93821
2 86982
1 15 3061
2 70588
1 961 4714
1 536 7074
2 7138
2 88972
1 506 1979
1 128 1782
2 94926
2 19245
2 32891
2 65904
2 605613376
2 96083
2 98558
1 706 7246
2 26170
2 552204572
1 379 3970
1 723 6554
2 33561
1 311 9651
2 318864362
1 638 7079
1 493 9425
2 11102
2 91622
1 367 5368
1 725 8249
1 659 4544
1 511 6931
1 159 8460
1 384 6455
1 876 6374
2 59582
1 385 1744
2 8864
1 604 3526
1 944 2756
1 520 2350
1 323 584
1 533 6377
1 890 3857
2 99272
1 863 8922
1 749 6509
1 814 3463
2 340413453
2 25234
1 225 504
2 5338
2 18214
1 234 6669
2 38878
2 83025
2 85754
1 83 2121
1 948 4814
1 158 171
2 69002
1 426 5297
1 467 1624
2 35650648
1 782 3255
1 619 6826
1 554 5956
2 50685
2 917493208
2 94335
2 87814
1 128 2520
1 539 6960
1 169 2696
1 106 6018
1 783 667
2 27098
1 521 5419
2 923442977
1 805 674
2 29237
1 124 8927
1 102 7368
1 104 4228
1 142 7016
1 852 2596
2 5265
1 566 5386
2 381082070
1 243 7898
2 69965
2 16421
1 266 7963
1 179 7576
1 609 9937
2 65231
1 678 5105
1 387 5219
1 397 528
1 287 6702
2 61588
2 14416
1 95 7920
2 610486821
2 7772
2 36133
2 21710
2 76097
2 943293090
2 91519
2 35875
1 821 7858
2 41749
2 11090617
2 73717
1 97 426
2 89017
2 36010
2 808535365
1 980 3058
2 41548
2 66399
1 4 2809
2 312934576
2 98719
1 527 4205
1 707 4680
2 68167
2 289488845
2 62289
2 26014
2 42823
2 77917
2 964365899
1 542 2750
2 52590
1 74 2362
1 55 3721
2 677742427
1 855 2740
1 948 18
2 6044
1 127 6168
1 869 7607
1 931 9307
1 802 6350
1 11 4634
1 745 8599
1 900 8647
1 956 1795
1 644 9000
1 790 7287
2 25863
2 88076585
2 58849
2 73120
2 92317
2 49877
2 141094134
2 92832
1 849 6001
1 175 1840
1 323 5481
2 328360334
2 72486
1 532 1407
2 80217
2 45655
1 205 5735
2 59664
2 62014
1 52 3270
1 687 316
2 91471118
2 62807
2 94831
2 90325
1 337 6652
2 435003578
2 43352
1 850 7322
1 409 7131
2 49110
2 748205932
2 78233
2 99276
2 56203
2 56694
2 143714076
2 91025
1 382 9605
1 4 4723
1 409 1329
2 164444985
1 542 5702
1 95 8169
1 119 7399
2 46393
1 697 6480
2 47540
1 772 9609
1 503 2129
1 723 3995
1 279 3720
1 718 5611
1 356 1392
2 81803
1 783 6988
2 535309389
2 52122
2 89114
2 93047
2 65264
2 88084676
1 486 2677
1 948 517
1 436 9943
1 6 9204
1 259 1558
2 44686
1 608 3683
2 41524
2 47476
2 769863043
1 836 866
2 66470
2 45017
2 95337
1 97 842
1 627 1016
1 271 1771
2 75336
2 46823
2 288007642
1 984 2331
1 759 3888
2 48134
1 919 5667
2 108296451
2 40615
1 168 5927
2 43071
2 755
1 90 6972
2 75823
2 62036
1 681 3590
1 990 42
2 992287347
1 91 3965
1 11 5349
1 760 5849
2 78472
1 826 116
1 915 4071
2 3453
1 335 3293
2 6008
1 202 1822
1 65 9094
1 159 6099
1 668 2745
2 70997
2 620008974
2 67687
2 90293
1 355 8901
1 31 3597
2 74158966
2 91072
2 32550
2 23331
2 41603
2 622641275
2 47450
1 343 1355
2 55421
1 210 929
2 72611594
2 41856
1 157 6630
2 66502
2 88618
1 372 5665
2 71478
2 66353
1 348 1857
2 39050
2 38937922
2 22877
2 52357
2 70939
2 45187
1 728 9038
1 979 5503
1 695 637
1 575 4530
2 85859
1 875 4711
2 64468
2 32319
1 775 9405
1 363 5323
1 259 7319
1 208 6970
2 69366
1 374 1681
1 649 9322
2 824315321
2 33315
2 81680
2 46885
2 7328
1 310 2261
2 8203
2 47732
1 285 4168
1 708 3023
2 402165181
2 86953
1 343 6722
1 679 2559
1 918 6997
1 796 4626
1 258 5213
2 25842
1 147 727
1 337 7146
2 413042460
2 65410
2 90988
2 64556
2 67854
1 469 520
2 5368
1 616 7508
2 4473
1 454 5524
1 862 8092
1 853 316
2 32412
2 6529
2 27713
2 591611840
2 48126
1 80 2426
2 49634
1 814 4028
2 590144810
1 822 7664
1 515 1534
1 794 8872
1 655 7005
1 312 3316
1 752 8076
1 81 290
1 67 4307
1 373 4924
1 73 7449
2 91004
2 77342
2 86621
2 37723
1 959 7591
2 109
2 32193
2 66770
2 21904
2 359163330
2 98537
1 353 2961
2 930
2 23727
2 474268231
1 812 8037
1 351 7587
2 99011
2 84868
2 478522062
1 439 2091
1 481 9092
1 123 2552
1 757 8482
1 775 306
2 4059
1 728 4305
2 7871
1 352 7320
2 759547043
2 36544
2 43385
1 418 2922
2 87917
2 42974378
2 12851
2 94538
2 40216
2 14671
2 103065339
1 143 8034
2 54795
1 30 2250
2 71390
1 57 9053
2 25770
1 82 13
2 99017
1 817 6900
1 414 3246
1 243 4491
2 49988
1 258 3255
2 93994
2 97544057
2 84216
2 76962
2 21691
1 411 7390
1 143 2364
2 32858
1 683 7836
1 962 1942
2 58034
2 296064937
2 49496
1 908 8352
2 14116
1 521 4290
2 761310765
1 537 105
2 30948
2 60915
1 222 8132
2 272006923
1 297 9366
2 23723
2 44349
2 98002
2 274226069
2 50823
1 482 5855
1 250 1161
1 784 4090
1 640 5932
2 16181
2 59834
1 440 8242
1 440 6280
2 478136247
2 76320
1 327 9891
1 527 7959
1 181 3519
1 711 9192
2 2756
1 934 6482
1 20 9617
1 908 2424
1 365 7069
1 842 6412
2 6672
2 11313
2 15509
2 883782675
1 85 6924
2 89976
2 95777
2 44595
1 299 9782
1 195 1044
2 34417
1 952 5957
2 81904
2 619212151
2 62567
1 955 5503
1 8 8341
2 73638
2 157386041
2 76839
2 98658
1 842 5743
2 46009
1 265 5810
1 395 7287
2 93991
2 5013
2 58886
2 386446175
2 77853
2 1312
2 54761
2 67306
1 71 4837
2 39162
2 64333
2 21454
1 407 8975
2 489131264
2 19737
1 773 8945
1 956 1598
2 33920
1 732 976
2 90179
1 238 9907
2 79469
1 440 914
1 385 3946
2 46773
1 329 1629
1 767 8005
2 15305
2 932466675
1 885 3777
2 89238
1 255 7797
2 92592
1 965 4711
2 84112
2 46262
2 35646
2 51418
1 630 651
1 630 7832
2 2528
1 343 2857
1 399 515
2 452480382
1 982 6803
1 454 5652
1 122 8125
2 44515
1 629 4486
1 670 3089
2 68871
2 82213
1 288 9397
2 678029674
1 140 9788
2 72530
1 877 1546
1 213 7387
1 634 5481
2 98618
2 50387
1 370 1925
1 755 8151
2 225935060
1 566 4347
1 386 706
1 5 9501
2 7364
2 818572063
2 29173
1 96 494
1 908 6782
1 256 8873
2 471651614
2 86787
1 731 8247
1 420 3409
2 88592
1 479 7389
2 89232
2 48836
1 427 1021
1 289 4499
2 347948140
2 45546
1 73 4229
2 54828
2 36142
1 669 9315
1 199 5556
1 155 8070
2 11550
2 18033
1 38 2183
2 32574
2 9825
1 453 6329
2 25342
1 923 2449
2 12120
1 431 4248
1 874 2128
2 24256
2 956937180
2 54272
1 337 548
1 670 753
2 49728
1 593 1960
1 126 7379
1 205 2266
1 663 3628
2 40277
1 340 5749
2 85364
2 45435
1 981 1221
1 333 3971
1 582 7686
1 330 8477
1 785 8550
2 47376
1 144 1252
2 295208108
2 77878
1 40 1617
2 75618
2 57455
1 762 7368
2 28054
2 1955
2 31554
2 70741
2 978412083
1 900 5315
2 93955
2 50180
1 99 2856
1 574 269
1 642 6554
2 93054
2 7642
1 339 1870
2 139101361
2 13260
2 10809
2 63691
2 39290
1 558 240
1 330 9931
1 531 51
1 967 9723
1 283 6341
2 678941854
2 69124
2 94491
1 381 8166
1 512 3085
1 793 9571
1 923 5964
1 352 4714
2 56755
2 40649
1 416 416
1 129 8164
1 150 5924
2 95334
1 455 4807
1 454 3207
2 63456
2 20954
1 689 9440
1 956 8608
2 548873948
2 74776
2 92754
2 72574
1 800 5244
1 304 8529
2 61502
2 36313
1 87 5317
1 190 3969
2 30574069
2 92693
2 46593
1 397 7306
2 11321
1 375 4576
1 939 7551
1 80 7221
1 397 5996
2 99605
2 743260265
1 834 3895
1 806 1504
2 34005
2 31477
2 787853138
2 24750
1 500 8166
1 9 4151
2 59299
1 494 9393
1 460 9206
2 19584
1 761 2668
1 829 7451
1 746 9948
2 17797
2 3888
1 351 652
1 971 7793
1 587 8620
1 705 685
2 28569
