803
4382 6075 6409 1692 4636 9419 3479 7382 8204 9222 4245 4547 7000 8113 5833 1880 4497 9041 1520 2936 855 9895 5494 3874 894 9619 6368 1737 4517 4451 3826 2825 6194 8408 3450 3942 1250 1735 5720 9613 1304 9936 8108 7273 7584 2673 3259 1495 5260 731 1106 1493 9985 606 6128 2042 3155 837 3861 2729 946 8373 9005 9371 1367 5054 9350 6381 9058 6567 4356 6890 1967 7370 8635 7498 2804 5983 715 1460 950 2171 9358 6476 2873 2716 1260 8203 7729 2110 294 2219 9409 5363 1490 6572 8913 5008 1828 4278 4145 3975 8510 3855 3763 1283 492 6831 9660 4585 7121 9720 9568 8070 3872 9876 5558 8129 9847 8803 1980 2758 1320 4410 7196 219 5792 2530 3000 45 5943 5559 2510 7977 1890 9318 6836 7149 2292 2615 1501 8312 1228 3816 3090 3783 7274 8912 697 3607 1744 3135 675 6378 8480 7484 3403 3597 2791 83 302 9981 2865 3461 1720 5827 8478 6249 9911 2016 1927 1455 9801 7051 2158 1885 5750 442 7541 7592 8311 2860 5111 83 8417 2392 3979 8275 5283 6088 703 1032 6304 1007 8289 460 6406 3582 1053 8541 5501 5610 9095 3247 5237 7078 2661 2564 7260 4746 3737 3670 7836 6629 4682 2437 4559 3674 5424 8354 9112 9030 6082 9623 4032 997 1645 4423 5227 4487 8552 3768 7575 1061 9175 4916 6513 6904 647 6431 1886 4184 5834 3416 6956 3777 1486 7625 3405 312 9630 5928 5615 6874 262 4486 6250 3168 6495 5078 3898 2286 8109 5965 6692 5049 7099 4533 2159 2748 7852 7688 6473 935 3499 8090 5267 4201 8696 5805 26 7599 5845 3546 2502 2331 9739 1079 1798 2843 420 4141 4276 946 4307 7730 6485 5322 1384 8424 5243 2186 1626 1661 4463 6543 4994 4206 8889 3764 292 4457 7083 9917 2792 2413 9726 6497 4035 5984 1081 2576 3598 2349 5434 4067 8614 9024 5282 89 7838 8899 7147 258 4621 6923 5932 8097 1055 3925 1589 7367 5696 5837 3165 4682 5745 6267 4538 264 289 1380 8735 2306 1252 1564 8554 9228 9671 5878 2752 1149 8139 6389 9141 3578 1814 6291 3435 8602 3039 8497 848 1539 8458 1652 3619 5790 5807 5244 9552 104 7955 1395 5510 6822 8362 5171 3408 120 6871 9029 8615 4586 2965 712 5945 4121 529 5042 3296 2421 5745 1263 1707 4168 927 9147 7725 4901 6238 2193 8014 7501 4058 2244 5060 8038 377 2497 5320 5039 1120 206 7166 7176 3826 9828 7236 8595 3652 9101 5882 6585 7990 2309 8583 1051 6881 419 4206 7655 7572 4758 6793 318 2749 989 7121 3000 1416 2871 2137 8552 791 8564 1045 4119 2229 8079 4457 3292 6292 3099 9236 352 7140 416 5788 7649 564 3268 1304 8240 4105 596 3720 4978 7404 7604 3344 8382 5146 4948 1919 2815 4987 5283 7358 8192 9555 4508 62 8901 3225 9421 7862 2330 5265 9256 2320 1022 9273 2723 2152 9199 465 1438 7388 5430 5265 8604 4623 3672 7864 2760 950 2073 3226 6871 757 5634 7992 197 1452 5605 1260 4487 4851 7757 8573 452 3416 6791 1830 5813 746 9559 685 1258 4730 1853 7145 782 3806 946 8864 8049 7316 8998 8551 7580 2831 6301 6844 5891 3774 6912 9056 3672 1518 8008 5644 1134 1024 7969 5481 7582 9368 1620 9010 525 2846 8886 6142 7036 8525 3242 4811 6574 5493 8877 7915 4448 665 9395 8228 8584 5289 2369 4353 5615 6520 891 205 4520 8319 4305 4936 9071 6143 3036 7238 8707 7552 9176 2158 6978 8522 4298 4332 8558 2615 862 4590 5209 555 2807 913 8680 2088 3777 8846 5186 795 1543 7676 8667 4305 243 838 9100 5662 8269 7288 3050 7935 1016 6635 2296 351 4234 720 6331 5501 2837 7314 1430 2818 6485 7256 906 2852 4746 579 155 5657 5519 6905 9719 8197 9730 8594 1570 8590 5267 4195 6711 1463 6506 6715 8196 1724 6793 9556 6421 7452 4564 9482 9509 6622 544 8089 2204 4921 5683 6960 427 5709 7337 9069 4176 6254 497 1349 2153 4054 521 3005 7305 817 2785 5744 173 3112 1710 1485 1396 1765 273 9363 4735 3841 5473 5458 2773 3742 4819 2262 8418 3751 4258 8378 8507 2290 6647 5242 8754 4216 3234 8331 1626 3850 8875 3057 9761 4367 2663 2675 2111 7294 969 6072 4283 2220 7518 8557 7969 513 5843 9121 8638 8327 7960 6104 4897 6427 6039 7987 7935 921 943 6664 1187 5274 2603 126 212 1453 5352 8635 8892 4579 5097 4280 9375 1384 2620 9021 6547 5266 4776 881 1047 3762 7496 2236 7752 5354 6543 7482 5874 7051 8724 8849 6121 8965 5312 6578 2215 1538 9533 3965 3848
2 91414
1 234 9173
2 96766
2 91729
2 350224840
1 394 6966
1 474 5322
1 476 4455
1 663 9481
2 637285930
1 142 5210
1 502 2444
1 34 5765
2 82588
2 941921406
1 608 6371
2 21540
2 90065
2 1732
2 892443016
2 87498
2 32731
1 144 6808
1 395 6774
1 429 3210
2 27809
2 33599
2 28553
2 37426
2 281184119
2 6836
2 50718
2 44377
1 283 4694
1 384 8413
2 44244
1 518 5553
1 2 9636
2 19746
1 690 2574
1 537 5962
2 11525
2 58957
2 16730
1 769 4656
1 80 6639
2 34632
1 402 806
2 33602
2 484024693
2 3370
2 6409
1 313 5418
2 44928
1 472 6937
1 365 8205
2 89162
1 635 2252
2 84855
2 539933943
1 302 7142
1 55 5330
2 7792
2 27918
2 611680424
2 87215
1 657 7787
2 43549
1 18 9756
2 899948537
1 525 302
2 34717
1 718 325
2 2731
1 406 9121
2 49627
2 54308
2 33184
2 85982
1 381 9135
2 75332
2 32716
2 56910
1 332 9409
1 69 8873
1 699 4588
1 564 7579
2 52004
1 600 6308
2 313966559
1 745 5216
2 34609
1 493 1846
2 33362
1 736 3945
2 62701
1 289 1624
2 83807
2 20333
1 70 2840
1 543 5784
2 15801
2 79349
1 694 3037
1 588 3185
1 355 3511
2 780
2 41469
1 497 5645
1 74 168
2 25878
1 731 9422
1 598 201
1 494 9723
2 936724488
1 187 1989
1 231 5134
1 285 5844
1 738 314
1 26 9872
2 55277
1 542 3726
1 785 5339
2 94832
1 345 8931
2 10635
2 32602
2 89154
2 40218
2 491980810
2 7006
2 52980
2 66911
2 46674
2 150641156
1 153 7946
2 97148
2 31963
2 54897
1 311 1555
1 626 9737
2 65051
2 95068
1 250 8672
2 828530382
2 1643
1 453 9596
1 177 3139
2 24288
2 254823598
1 798 5771
1 337 8536
2 75181
2 74637
2 707615882
2 41194
1 170 2830
1 161 8565
1 630 9895
1 800 990
1 205 7959
1 704 9968
2 94441
2 33004
1 263 2375
2 21347
2 33114
2 7094
1 795 4563
1 149 4153
1 690 654
1 364 9423
2 72028
1 260 1190
2 4366491
1 325 823
1 593 4478
2 30764
2 26982
2 468112138
1 559 8536
2 55919
1 484 3837
2 34534
2 70447652
1 334 4863
1 592 9061
1 742 3972
1 382 379
1 169 3288
2 46948
2 95492
2 92345
2 20561
1 590 9487
1 533 647
1 50 7766
1 444 8704
2 92980
2 557965395
1 510 5581
2 53491
1 348 6103
1 698 6961
1 716 2426
2 91994
1 470 6840
2 23875
2 5192
1 618 7219
1 226 5579
2 56115
2 662
1 527 1607
2 206715589
2 83441
1 322 3345
1 724 5679
2 65717
2 953463505
1 239 4077
1 453 1328
1 270 7330
1 570 5034
2 518192377
1 308 9111
1 315 7435
1 362 5143
1 171 8728
1 408 8651
2 74121
2 48071
1 624 6708
1 784 5562
2 711588284
1 71 5568
2 61295
2 77935
1 443 8233
2 350471989
1 799 7089
1 755 2397
2 71667
2 22849
1 664 936
1 96 6011
2 54980
2 26439
2 50759
1 18 1874
2 21146
1 84 2139
2 7374
2 27401
1 703 8270
2 63707
1 728 1177
1 723 7496
1 122 894
2 249934857
1 262 2136
1 351 3119
1 571 6956
1 219 8439
1 20 5599
1 668 8522
1 29 2443
2 61688
2 48635
1 622 9105
2 64437
2 8453
2 13613
2 32922
1 56 4317
1 776 4635
1 530 5238
2 16947
1 594 1756
1 672 6466
2 6861
2 22060
2 65120
1 158 6630
2 563817120
1 691 5626
1 529 9509
1 374 8065
2 42946
1 602 3766
2 68935
1 483 34
1 545 9382
1 158 7785
2 646905972
2 36227
2 77916
1 233 6020
2 92036
1 391 9235
1 444 1594
2 38774
2 96290
1 686 8592
1 109 3357
2 78289
2 72246
1 170 1775
1 582 7354
2 782363502
1 361 7221
2 94492
1 597 2576
2 852
2 329529347
2 74345
1 529 2004
1 332 5435
2 54178
1 447 7871
2 65182
1 143 2201
1 286 4468
2 10174
1 353 5786
1 418 7773
2 12061
2 82834
1 506 2215
2 539217776
2 10962
2 94202
1 648 6954
2 63576
1 250 9823
1 482 7011
2 43226
1 638 3505
1 247 6939
2 327070404
2 72869
1 221 2143
1 157 3362
1 283 4112
2 583203601
1 297 4485
2 72880
2 73626
1 202 5836
2 507779049
2 46169
1 757 1434
2 24558
2 19057
1 126 5678
2 40833
2 97232
2 89508
2 8801
2 587192514
1 126 3575
2 45738
1 768 2407
1 547 3227
2 908968821
2 50262
2 29249
1 779 1242
1 128 3944
2 144590652
1 67 4058
2 1287
1 55 6543
1 484 4764
2 144735037
2 63208
2 82452
1 610 351
1 103 1363
2 449639696
2 18590
1 417 2421
2 35205
2 23033
1 369 449
2 93790
1 202 8728
2 95669
2 46943
2 686012585
1 509 1325
1 652 4229
2 34853
1 470 7107
2 113393556
1 391 1345
2 63018
1 733 8662
1 544 8165
1 691 3892
2 4085
1 668 5731
2 68053
2 27493
1 174 9093
1 341 9956
1 258 129
1 281 9699
2 96971
1 473 3522
2 91460
1 620 7767
2 18011
2 78662
2 439316978
1 617 3363
1 693 7018
1 773 7412
1 433 6899
1 598 251
2 56273
2 41933
1 797 3438
1 629 6186
2 720358243
2 1374
2 19373
2 64833
1 160 4456
1 338 3324
1 607 6085
1 161 9160
2 40338
1 131 1443
2 240788182
1 438 376
1 79 4026
1 102 3377
1 283 4636
1 283 2272
2 51382
1 376 3321
1 251 4707
1 692 9238
2 826632840
1 684 4121
1 156 6064
2 23060
1 729 9575
1 206 6459
1 437 5
1 626 4642
1 479 1930
2 92871
2 513176679
1 474 1467
2 90273
1 519 6624
2 217
1 186 4993
1 527 903
2 74920
1 339 4682
2 10436
1 576 5384
2 73977
2 12389
2 97146
1 707 5046
2 202200774
1 85 4025
1 610 3915
1 237 6226
2 33629
2 333013917
1 382 1007
1 299 6045
1 102 6254
1 481 1835
1 265 9541
1 546 4769
2 73778
2 40276
2 38893
1 118 5186
1 790 6486
1 521 9424
1 463 4375
2 58020
2 936966207
2 27894
1 134 1120
2 80564
1 160 1989
2 200995064
2 34893
2 59972
1 291 9352
1 87 3672
1 115 4683
2 75046
2 99524
2 83233
2 97544
1 608 5989
1 680 9730
1 597 6585
1 86 6370
1 272 6744
2 276102593
1 694 5561
2 44551
1 335 2003
1 263 3581
1 62 5839
2 4514
2 48151
2 83397
2 14375
2 593636587
2 28269
2 5214
1 570 3856
1 208 4071
1 353 5634
1 326 4278
1 23 4456
1 503 7111
1 139 4258
2 736042713
1 737 5275
2 57379
2 99651
2 36940
2 690705543
1 70 2741
2 59001
2 33693
1 274 2937
2 850019499
1 438 7521
2 74345
2 65592
1 784 4512
2 236560268
2 75621
2 69739
2 82964
2 54744
2 215721351
2 81885
1 234 5561
2 45339
2 76609
2 945043644
1 216 9748
2 21416
1 662 9625
2 24554
2 179003844
2 88316
2 75717
1 491 1230
1 733 1820
1 766 5671
1 373 3185
1 545 992
1 728 8226
2 6374
2 383834676
1 455 4390
2 80989
1 162 6563
1 356 1002
2 255278733
1 306 6142
1 322 9803
2 20151
2 40861
2 6013354
2 59395
2 70212
2 31336
1 798 9910
1 434 107
1 690 2105
2 5249
2 90911
1 585 4292
2 796896525
1 501 9089
1 617 826
1 228 6522
2 90103
2 126476152
1 298 6412
1 696 6366
1 53 384
1 415 9889
1 174 2227
2 97684
1 280 5840
1 466 4176
1 432 9622
1 785 4504
1 683 8171
1 439 9317
2 18984
2 30662
2 660744986
1 13 8508
1 453 1046
2 80598
2 33310
1 554 4037
1 61 9852
2 85525
2 17207
1 685 1493
1 611 5144
2 90981
2 80738
1 500 6099
2 79792
2 480575089
2 25783
1 238 3743
2 44736
1 148 8064
2 484604550
2 62049
2 82542
1 713 3066
2 2395
2 971628709
1 650 9368
1 272 6867
1 160 8586
1 235 9860
1 750 123
1 354 7582
1 38 6593
2 24826
2 5629
2 601833596
1 437 9265
1 74 4510
1 400 9926
2 48291
2 314807090
1 95 8380
1 303 4221
1 616 5963
2 69170
2 817988441
2 84733
1 235 2150
1 347 6416
1 759 5338
1 172 446
2 24789
2 75749
1 766 8042
1 626 3784
1 394 6225
2 6876
1 592 435
1 539 4715
1 238 5893
1 2 2757
2 44555
2 65170
2 51217
1 556 3931
2 181684822
1 220 173
1 53 7962
2 29248
2 95583
1 364 5381
2 51757
2 12251
1 391 9556
2 85097
1 408 6333
1 350 547
2 5987
2 36316
2 27156
1 663 1996
1 258 1596
1 174 5686
1 212 2474
2 49890
2 990620065
2 39865
2 20285
1 332 8376
1 198 8697
2 715806834
1 660 6339
1 61 8536
2 20104
2 26817
2 981746828
1 552 4524
2 42933
1 439 8277
2 3149
2 52129169
1 222 3038
2 52814
2 53367
1 281 6779
2 782866594
1 137 8508
2 40727
1 786 4711
1 406 1932
2 395406533
1 468 8632
2 77156
1 621 3196
1 700 7053
1 621 9936
2 80430
2 47915
1 492 7215
1 394 3882
2 962627594
2 87083
2 6523
1 342 7819
1 248 5168
2 863317305
1 559 7740
2 23079
2 19003
2 14392
2 495956581
2 70324
1 192 3311
2 71311
1 212 6796
1 192 5439
2 49541
2 31437
2 91809
2 57836
1 234 4765
1 286 3726
1 371 2960
2 11128
1 719 2932
1 256 1723
1 638 9800
1 202 9778
2 21003
1 18 9670
1 701 3369
1 8 2790
2 83255
1 306 8833
2 19897
2 26637706
1 771 287
1 476 5942
2 65408
2 13819
1 675 4925
1 660 2645
1 319 3175
1 624 5750
2 87487
2 959373671
1 353 2665
2 91636
1 335 7542
2 61492
2 246019256
1 476 5366
2 33854
1 38 6056
2 61626
1 766 4501
1 558 987
2 85484
1 354 4457
2 87536
1 368 3253
2 46872
2 38363
2 95246
1 704 6775
2 939099774
2 87661
2 28974
2 72532
2 56579
2 166106402
1 650 5272
1 46 8254
1 135 2214
2 94565
1 276 7039
2 61424
1 417 3939
1 706 1408
2 44832
1 585 4397
2 6264
1 755 2896
1 504 5307
1 139 8365
2 779689912
1 628 4807
2 9438
1 751 1610
2 24762
1 640 4240
2 36148
2 95574
1 789 5318
2 93611
1 386 2685
2 13353
2 74382
1 312 344
1 42 5432
2 880744287
2 13475
1 209 963
1 166 9501
2 53508
1 760 1539
1 479 1823
2 51895
1 697 3467
1 624 6516
1 505 7169
1 199 6291
1 138 6851
1 160 960
1 536 3654
2 381693249
2 89000
2 69306
2 2991
2 75291
2 551398893
2 1521
2 97671
2 93078
1 357 1974
1 54 1102
2 74279
2 91451
2 13927
1 50 3735
1 530 2763
2 30420
2 63910
1 406 5908
2 36863
1 606 1716
2 34724
2 75960
1 80 3415
1 28 4125
1 610 9748
1 614 9102
1 298 5345
2 9189
2 32308
2 350698350
2 70995
1 134 4212
1 285 2655
2 47061
1 228 5460
2 35948
1 379 3204
2 60631
1 435 5992
1 667 4679
2 15905
1 644 7073
2 2538
1 763 7060
2 454391294
1 427 8680
2 42827
2 3825
1 780 1086
2 355631858
1 561 1044
2 62332
1 646 3641
2 95996
1 73 1440
1 296 2792
2 29966
1 705 6997
1 486 781
1 438 3897
1 319 1793
2 65296
1 131 6351
2 31390
1 291 7064
2 79483
1 593 73
1 147 2519
2 95471
2 948068535
1 485 2973
1 155 8715
2 48496
1 152 34
2 19073910
2 28842
2 26890
2 15635
2 38155
2 368731597
2 1800
2 380
2 65467
2 70135
1 333 3120
1 228 6026
1 646 2620
1 27 7406
1 173 5099
2 843222276
1 579 5840
2 7638
2 89822
1 709 5528
2 478901224
2 3912
2 41078
2 9857
1 362 8050
1 781 5615
1 140 5866
2 35905
2 29238
2 15413
1 782 6934
2 48157
2 93156
1 514 3277
1 583 2358
1 184 8256
2 58576
1 384 8961
2 18538
1 701 9810
2 398767954
2 74072
1 723 2051
2 66854
1 11 3145
1 586 3399
1 136 7951
1 548 2919
2 39316
2 19788
1 592 1286
1 705 5205
1 708 8081
2 58800
1 12 2206
1 35 1899
2 54800
2 14933
2 25932
2 13284
1 531 7841
2 87304
1 425 4055
1 391 2488
2 36045
1 394 832
2 96536
1 289 5243
2 89986
1 739 5374
1 452 1336
2 2936
1 233 4863
2 10053
2 72910
2 49326377
2 62233
2 92907
2 94877
1 329 558
1 342 8668
1 214 3253
1 338 9613
1 432 5215
2 9708
2 779740513
2 84554
1 527 5511
1 786 6386
1 489 7230
1 24 3797
2 35897
1 752 1830
2 82262
1 547 7642
1 92 2919
1 206 2894
2 11246
1 520 1443
2 82001
2 311508322
2 15609
1 62 9480
2 59223
2 98035
2 151114462
1 643 1039
1 433 4370
2 41537
2 69213
2 166579658
2 55150
1 149 9440
2 25834
2 3020
2 449413799
1 752 7064
2 61100
2 55008
2 30945
1 549 1560
2 13609
1 383 7036
1 224 7413
1 372 1419
1 737 3874
2 62135
2 23167
1 725 9925
1 640 6417
1 452 1476
2 53480
2 52196
2 38853
2 36596
2 459128906
2 44982
1 60 6438
1 584 6469
2 80168
2 596610138
1 449 5371
1 380 5275
1 428 4402
1 555 7142
2 67005424
1 618 5793
1 43 5030
1 190 2612
1 609 1416
1 488 1599
2 2226
1 27 5336
1 426 7858
1 204 8983
1 781 5020
1 638 2000
1 725 9850
1 283 8105
1 279 247
1 107 8456
2 78013
1 647 8043
2 9076
2 76397
2 343628952
1 307 4084
2 97711
1 293 5597
2 41521
2 444728085
2 34771
1 707 4302
2 9452
1 317 148
2 384099740
2 17326
1 469 1145
2 15654
1 759 2182
2 342417681
1 136 2789
2 92345
1 615 9990
2 77023
2 281622251
2 68602
1 616 8182
1 794 1731
2 36024
2 665151674
1 271 1252
2 15525
2 42868
2 98437
1 232 9866
1 255 6240
1 562 3308
2 69555
1 15 6908
1 118 3092
2 86279
2 94886
1 577 3432
1 477 4577
2 929504481
2 17901
2 90864
1 205 6984
1 521 3911
2 83765264
1 37 5389
1 139 4403
2 41275
1 49 6724
2 390037257
2 41810
1 211 4323
1 285 3242
1 338 8377
2 816204906
1 30 9948
2 42869
2 98274
1 557 4029
2 903979564
1 406 5305
2 78854
1 529 382
2 98495
2 377996480
2 25868
1 558 1369
1 74 9577
2 22870
1 554 8321
2 38586
2 6074
1 82 2031
1 601 9478
2 833218731
1 728 8256
1 430 8074
1 717 9486
1 325 5305
1 456 3674
1 704 5313
2 97812
1 256 9903
1 727 5769
1 771 8731
1 12 8123
2 7460
2 22279
2 19029
1 512 7010
2 5176
1 433 2319
2 66861
1 613 4649
2 955159818
2 91693
1 663 6463
1 481 4305
1 438 7249
1 562 4065
2 76261
1 164 2776
2 2203
1 504 3179
2 47581106
2 37824
2 80419
1 419 4377
1 577 6080
2 621158896
2 84452
1 51 3373
2 92357
2 36059
2 349795425
2 31342
1 377 1537
1 691 8520
1 338 5894
2 211346938
2 5644
2 14587
2 49545
2 33268
2 408218380
1 50 5337
1 371 8259
1 521 894
2 69618
1 549 8454
1 691 8562
1 730 3355
2 46137
1 255 7144
1 748 8506
1 258 2991
2 13807
2 74165
1 716 2248
1 442 3754
2 54894
1 152 1224
2 23971
2 79419
1 223 3143
2 14169
2 27405
2 3303
1 403 4453
2 751552543
2 5850
1 357 6001
2 73428
1 714 6451
1 289 5292
1 94 6556
1 501 1498
2 15775
2 60656
1 369 1467
1 459 7916
1 644 4258
2 18637
1 355 2537
1 714 7504
1 47 6965
1 273 3284
2 15657
1 577 1199
1 692 2020
1 437 22
2 5950
1 581 6576
1 12 8611
2 571791806
1 51 3691
2 8336
1 47 2542
1 172 4362
1 25 4475
1 447 9235
1 107 4267
2 40218
1 235 9413
1 401 7729
1 145 5348
2 28659
2 9597
1 300 6976
1 3 8472
1 286 9732
2 2635
2 45533
2 27761
2 956106155
1 159 2986
1 329 6868
2 1352
1 670 7263
1 696 1166
2 58710
2 39443
2 56011
1 568 1821
1 109 6025
2 22961
1 637 8579
2 79023
1 361 2093
1 477 7635
1 150 7019
1 285 548
2 66969
2 83451
2 889979346
1 102 7480
1 773 1267
1 120 1553
1 312 6425
2 650199316
2 24033
1 720 7151
2 95393
2 31066
2 508901785
1 460 8641
1 675 9420
1 371 4487
1 124 4310
2 502014683
2 28266
2 88886
1 284 4183
2 23324
2 837359702
1 472 5475
1 594 9659
1 307 1522
1 224 6891
2 509771784
2 88809
1 208 7977
2 16189
2 1488
1 38 9471
1 579 6134
1 207 4491
1 468 1484
2 62719
2 122009324
1 203 7545
2 63043
1 319 2424
1 346 9495
1 469 100
1 578 5279
2 43378
1 803 4286
1 476 8483
2 640953847
1 147 4544
1 341 7288
1 312 2913
2 22227
2 404146405
1 417 6897
2 77848
1 528 3469
2 70036
2 580292484
1 366 7978
2 87514
1 675 4524
2 81124
2 321348663
2 22017
2 30193
1 646 893
2 64880
2 334499769
2 46452
2 53427
2 8428
2 84271
1 74 6874
1 583 469
2 91394
2 29600
2 32910
1 181 7289
2 45481
1 723 7539
2 38628
2 75832
1 177 4939
2 63430
2 37042
1 368 9224
1 581 2063
1 791 7488
2 40363
2 50834
1 432 6126
2 11122
1 321 1756
2 46228
1 451 8200
1 798 3628
1 4 8504
1 668 2596
1 387 7889
1 679 9466
2 8275
1 656 1835
1 373 407
2 51218
2 85583
2 28113
2 35768
2 710693920
2 70549
1 362 8295
1 209 4658
2 84218
2 432576682
2 34185
2 93408
2 77723
2 63368
1 315 8329
1 94 1071
2 14777
2 14272
1 272 1212
2 54314669
1 757 7592
1 609 7652
2 20464
2 61752
2 339622899
2 24834
1 301 7687
1 566 3190
1 428 1832
2 334698758
2 27797
2 69501
2 10087
1 632 2896
2 875925770
1 638 9112
1 505 1209
2 95883
1 342 8545
1 295 1751
1 566 9411
2 82184
1 748 8240
1 22 7468
2 32353949
2 53666
1 226 5972
2 78702
2 64442
2 817042275
2 45155
1 519 8629
2 16751
2 33430
1 280 3538
2 97532
2 11827
2 2272
1 585 360
2 454816494
2 18932
1 452 1702
1 180 7975
2 8868
1 764 7611
2 21967
2 81271
2 25987
2 69798
2 446313386
2 63819
2 23044
1 504 6093
2 70625
1 246 6733
1 284 2591
1 615 2967
1 216 1778
2 63018
1 735 4015
2 13841
2 54726
1 415 9825
1 802 9475
2 266879726
2 25497
2 85719
2 1652
1 223 4284
1 751 2074
2 25995
2 41176
2 16181
1 634 5396
2 676547172
1 405 2261
1 421 1718
1 158 4424
1 720 958
1 460 8730
1 716 4642
1 340 2342
1 134 2872
2 20217
2 720211860
1 698 2212
1 315 4838
1 779 3732
2 41598
2 868041110
2 69823
2 12279
2 82586
1 335 7443
2 847951978
1 420 7879
1 3 4001
2 66256
1 474 1386
2 693779603
1 644 714
2 70286
1 772 8737
1 283 686
2 189852553
2 42192
1 646 9209
2 59096
1 116 6629
2 502887786
1 241 1468
1 174 5195
2 81497
2 38295
2 557935168
1 122 2215
2 53575
2 491
2 43878
1 510 9520
1 30 7668
2 54272
1 380 5631
2 5120
1 130 2095
1 393 6287
2 58593
2 43465
2 89774
1 656 3341
2 31336
1 532 9329
1 304 9181
2 39824
1 799 4325
2 50895
1 803 1313
2 2432
2 20062
2 751571501
2 96140
2 74218
2 76620
2 30298
1 501 4818
1 73 9682
1 606 8052
1 344 7678
2 25955
1 413 6053
2 78399
2 8284
1 277 6494
1 697 3732
1 761 352
2 40419
2 78768
1 408 3759
1 52 4993
2 696476793
2 79424
1 341 7303
2 51288
2 62306
2 483942691
2 43483
1 704 9432
2 27513
1 750 2076
1 321 1582
1 277 8540
1 580 4338
2 74376
2 50652
2 833233623
2 52285
1 156 8562
2 59472
1 183 6530
2 639643424
2 80046
2 30007
1 765 5621
2 5595
2 894684038
2 60386
2 58120
1 191 543
1 273 4472
1 496 4474
2 3531
1 514 2509
1 459 2644
2 16135
1 694 2624
2 15689
2 25825
2 91978
2 98794
1 414 6940
2 48457
2 76092
1 518 9035
2 13866
1 558 8276
1 750 9780
2 29458
1 456 6714
2 10617
1 359 7065
2 898
2 2419
2 96229
2 34277
1 7 2642
1 218 6390
1 74 5652
1 41 8976
1 305 9028
2 790869503
1 441 8573
2 74437
1 673 6039
1 524 6714
1 13 3993
1 419 9360
2 448
1 687 9329
1 86 8772
2 758531279
2 33635
1 173 1677
2 98373
2 64339
1 488 1634
2 61757
1 458 4884
1 139 8669
2 43145
1 415 9595
2 79635
2 49530
2 47302
2 29368
2 87552945
2 84394
1 577 8853
2 33006
2 2306
1 276 561
1 177 2083
2 93248
2 1386
1 501 7587
2 356802318
2 34777
1 695 4126
2 46037
1 350 1592
1 534 4814
2 40105
2 12702
1 655 277
1 316 2958
2 300192076
2 34076
2 81053
2 57157
1 118 2857
2 372440418
1 476 3850
2 38767
2 33456
2 50401
1 45 4846
1 793 1656
2 53709
2 58253
2 20455
2 895157603
2 36601
2 52007
2 92591
1 633 1653
2 398653276
1 531 1219
1 138 3051
1 748 4568
1 582 4849
2 989102622
1 398 3290
1 237 4460
1 555 227
2 99260
2 590414315
1 440 8188
2 62324
2 94270
1 400 5980
2 907114690
1 762 805
1 110 3746
1 687 1215
1 387 5778
1 171 7586
2 78018
2 98772
2 58810
1 472 261
1 480 715
2 59459
2 48876
1 648 5785
1 207 2113
1 527 8429
2 54058
1 171 9190
2 20627
2 47252
1 661 4289
1 704 1742
2 46847
2 32821
1 85 6541
1 741 9053
1 15 8191
2 21307
1 572 5873
2 45646
2 17432596
2 31222
1 319 8105
1 257 687
1 171 2233
2 333758662
1 3 4229
1 456 1537
2 75838
2 74966
1 15 5872
2 7887
2 92272
2 90628
2 81417
2 383619903
2 29808
2 38454
1 339 1542
1 794 6372
2 964251380
1 370 8951
1 351 5566
1 178 4649
2 46117
2 871319870
2 35073
2 88199
2 95764
1 614 3982
1 199 9150
2 90209
1 503 2951
1 11 9722
1 522 9840
1 222 6454
1 579 566
1 104 8021
2 86884
2 48086
1 397 944
1 223 7762
1 370 6612
2 43341
2 1158
1 104 1417
1 425 4176
1 513 2139
1 641 8028
2 49641
2 779914766
2 24017
2 38774
1 786 3570
2 85367
2 930489932
2 97539
2 26631
1 440 7342
2 57850
1 180 897
2 7072
2 42662
2 34353
2 96455
1 762 3833
1 277 2369
2 38125
2 12640
2 78676
1 743 2547
2 29135
1 340 8638
1 534 7455
2 58551
2 928102534
1 371 128
2 18252
2 56404
2 30676
1 626 8656
2 82135
2 83252
2 92915
2 50793
2 335275936
2 98450
1 662 7222
2 35491
2 75444
2 798167902
1 51 7884
1 20 4248
1 636 2450
1 166 2979
2 271083300
1 37 1651
2 17487
2 70044
2 35559
1 531 3048
1 498 7576
1 535 3885
2 32253
1 144 8356
1 89 6913
2 22094
1 801 1897
2 18003
2 18370
2 553397050
2 32159
1 647 6381
2 50671
1 407 883
1 592 6362
1 176 2820
1 161 2529
1 170 1835
1 510 4148
2 997786969
2 42682
1 703 8066
2 34241
2 11474
2 727844733
2 2201
2 50968
2 76658
1 174 2137
2 158174234
1 192 4763
2 13899
1 281 6305
1 128 1818
1 605 9019
2 18862
1 737 6457
2 48168
1 617 7391
2 99198749
1 645 9125
1 440 6695
1 263 7694
2 15915
2 557943511
2 24840
2 1467
2 13309
2 39078
1 792 9064
1 497 5021
2 30614
2 69527
1 571 1842
2 778593332
1 196 4821
1 118 4759
2 50622
2 40339
2 234347101
2 40533
2 18946
2 3907
2 3383
2 207279345
2 81039
1 99 1213
1 210 6707
2 91585
2 300679915
1 342 121
2 30638
1 281 2912
1 576 8257
2 806942507
2 98121
1 335 443
2 14984
1 214 2316
2 995322629
2 31506
2 24654
1 483 2902
1 225 2793
1 517 1480
2 7246
1 495 60
1 726 4305
1 28 1152
1 389 5625
1 660 3574
2 64823
2 32702
1 647 808
2 127500308
2 1298
2 20656
2 12547
1 615 4703
1 447 7962
1 167 8212
1 666 5115
2 91211
2 14540
2 774990779
1 147 6224
2 30936
1 303 7467
1 582 8587
2 332958151
2 21435
1 535 1252
2 84920
1 27 2309
1 428 8868
2 65729
2 84541
1 45 5137
2 35073
2 233470714
1 784 9880
2 52941
1 479 99
1 553 9200
2 776316194
1 793 5159
2 16373
1 611 7440
1 522 5574
2 782100845
1 198 8960
1 343 9983
2 13987
2 57365
1 260 6789
1 59 9890
1 494 4162
2 42631
2 28650
2 864623677
2 76906
2 70635
1 483 964
1 577 8235
2 976030749
1 462 7950
1 190 8634
1 177 4224
1 535 9759
2 131916354
1 538 2296
2 58563
2 89618
2 68679
1 571 4224
1 631 1751
2 19682
1 439 994
1 309 8043
1 662 6530
2 83027
2 66628
1 156 4216
1 371 5280
2 207773739
1 129 547
2 96438
2 1168
1 743 3948
1 728 9878
1 349 197
2 45295
2 98623
1 756 8486
2 359858596
1 322 6906
2 78537
1 81 3341
1 276 4330
2 371849656
1 193 5919
2 27298
1 564 1188
1 594 198
2 797737347
1 305 6099
2 59997
1 183 7560
2 29793
1 463 162
2 90977
1 350 1737
2 94385
1 308 4468
2 283388698
1 405 3759
1 716 553
2 54826
2 80846
1 600 2129
2 24833
2 31392
1 710 2237
1 431 6861
1 329 6376
2 93509
2 33979
2 13385
1 324 8611
2 340833022
2 4733
2 46651
1 574 3403
2 85483
1 408 2702
2 40764
1 724 457
2 33945
2 841
2 861019235
2 21300
1 505 4406
2 98078
1 315 4639
2 182207315
2 74237
1 698 7900
1 152 9970
1 631 420
2 60559513
1 471 4861
1 68 1086
2 53729
1 789 4717
1 473 9997
2 94861
2 42782
2 38586
2 49854
1 687 74
1 237 4998
1 172 4991
1 152 1298
2 61730
2 766793236
2 64227
1 155 4070
2 66170
1 518 241
1 401 7909
2 74143
1 414 4177
2 4322
2 28302
1 201 2539
1 588 2721
2 63137
1 341 3036
1 545 1575
1 502 4647
1 282 5471
2 89475
2 8134
1 495 4285
1 443 7080
1 775 9553
1 563 6737
2 91921
1 289 4419
2 269713721
2 96645
2 46411
1 132 978
1 25 6266
1 427 8202
2 43906
1 265 2353
1 752 6368
1 785 1012
2 312135109
2 58136
2 23318
2 53622
1 775 6806
2 962693629
2 5208
2 18858
1 347 5028
2 70754
1 372 4284
2 75563
2 77982
1 231 3607
1 63 6207
1 202 8738
2 82931
1 781 4589
1 51 6327
1 63 7221
1 547 9329
1 131 9231
1 119 3963
1 643 9946
1 369 1296
1 506 5180
1 208 3581
1 533 3678
2 87424
2 15384
1 315 2240
2 3532
1 327 3031
2 27014
1 641 9622
1 754 5123
2 71045
1 790 3104
2 49132
2 14272
1 247 2417
2 85547
1 90 9943
2 79782
2 48009
2 117772502
2 24757
2 30907
2 7707
2 55609
1 644 483
2 81944
2 5055
2 9695
1 203 5593
1 91 1355
1 424 7428
2 29730
2 52641
2 31541
2 662984120
2 83871
1 326 7815
1 78 2676
1 783 9910
1 76 3393
2 75958
1 637 6131
2 20843
1 271 8393
1 22 1845
2 13924
1 425 1371
1 176 5118
2 57403
1 381 3077
2 14563
2 16699
2 67867
1 647 6050
2 76098154
1 63 8537
2 74300
1 719 1905
2 43702
1 439 6800
2 49924
1 209 5355
1 647 4446
2 94432
1 432 1996
1 548 653
1 269 3108
1 99 9306
2 7628
2 636688873
1 28 8517
1 2 9974
2 37896
2 75896
1 317 2872
1 673 9546
2 96556
1 545 4500
2 84255
2 596476015
1 395 6089
2 20334
1 89 1422
2 25809
1 608 6577
1 55 6479
1 533 8106
2 70838
1 317 6690
1 797 9828
1 209 9062
1 576 9030
1 726 4036
1 638 5596
2 513369497
1 437 9993
2 67414
1 142 4149
1 43 6343
2 860029234
2 74130
1 739 9466
1 346 8630
2 48654
2 926127509
2 84547
1 329 7080
2 79682
1 791 7036
1 379 1900
2 11112
2 70538
1 607 144
1 697 5657
2 176507964
1 458 2695
2 44676
1 591 3234
1 370 8311
2 307739800
2 29700
1 717 8929
1 200 9575
1 712 8448
2 552615631
1 63 3467
2 85820
2 30033
1 200 5166
1 433 6615
2 48387
2 81406
1 527 6989
2 42563
1 108 5836
1 691 7029
2 66936
2 31046
2 99454
2 939099451
1 574 3325
1 283 6631
2 24879
2 51642
2 287920325
1 231 2856
2 67889
2 51350
1 435 6846
1 334 6026
2 76217
1 635 5381
2 99655
2 34529
1 737 2410
1 652 9295
2 32996
2 3128
2 62243
1 499 3280
1 401 7774
1 201 7905
1 764 9077
2 33364
2 374070269
2 39697
2 21316
2 59896
1 389 3064
1 656 3354
2 93188
2 79925
1 72 2493
2 98458
2 445009814
1 499 2534
1 6 4389
1 84 5633
2 31244
2 658718855
2 76933
2 46680
2 15305
1 592 1912
2 467600151
1 720 1272
1 561 5405
1 165 2824
2 80034
2 667966518
2 76554
2 32939
2 28739
1 399 8613
2 436479967
1 482 4257
2 17483
2 96972
2 85773
2 739086996
2 19051
2 58627
1 24 9166
1 624 6935
2 838826671
1 223 8717
2 93040
2 49153
1 651 2945
1 353 5146
1 300 2291
2 59059
1 504 97
2 23824
2 43154908
1 709 8243
1 408 9546
1 802 4541
1 118 5874
1 8 7036
1 430 1442
2 56000
1 2 1143
2 14548
2 111105585
1 245 4692
2 29936
2 25488
1 103 1653
2 255920830
1 252 8378
1 624 1289
1 583 4147
2 80028
1 497 2293
1 744 3464
1 642 5332
1 357 4395
1 34 5441
2 805875329
2 4361
2 6113
2 3426
1 154 5677
1 439 7075
2 82071
2 39903
2 1622
2 63221
1 553 7805
2 55430
2 28996
1 246 7096
2 38114
2 230866761
1 748 7552
1 360 2357
1 762 1143
1 783 4543
2 862172041
2 14784
2 83070
1 747 9617
1 571 6868
2 837814779
1 63 8837
2 37831
2 20330
2 51967
1 422 8124
2 10589
1 368 4198
2 56352
2 91446
1 735 8767
2 46045
1 639 5022
2 56706
1 428 9305
1 427 7906
2 53840
2 75964
2 83609
2 69268
2 133418141
1 483 7694
1 47 6705
2 11586
1 229 5557
1 348 6166
1 738 9131
1 71 9520
1 547 575
2 34140
2 350047690
1 577 5961
2 10496
2 61522
2 95004
1 166 3169
1 275 5958
1 275 2183
1 141 7672
2 59513
2 814097414
2 65004
2 42044
1 206 7107
1 395 340
1 243 6382
2 80443
2 13351
2 13746
2 13403
2 78875873
1 247 9548
1 545 5384
2 35019
2 54533
1 490 2714
2 54761
2 42038
2 91494
1 368 4586
1 522 7450
1 22 7249
2 79407
2 75336
1 495 4755
1 790 9218
2 40045
1 23 5611
2 23656
2 60210
1 265 7310
2 50321
2 90557
1 412 3581
2 16862
2 854226386
1 438 9750
2 49096
1 324 2639
2 78335
1 260 938
2 74486
2 67092
2 25099
1 76 9885
1 192 4859
1 308 320
1 427 6583
1 378 8055
1 12 7211
2 890033618
2 52898
1 423 1945
1 182 8496
2 72913
2 540033958
1 247 9
1 532 303
2 2751
1 702 7265
1 304 304
2 91148
2 61524
2 98090
1 549 8350
1 353 3335
2 27981
1 255 9086
2 1190
2 75906
2 914942874
1 226 9583
1 137 9936
2 25734
2 66378
2 679950355
1 421 2350
2 74843
2 55839
2 37329
1 691 7616
1 622 1412
1 447 3632
2 13718
2 97485
1 798 5171
1 337 8996
1 778 8501
1 655 9500
1 144 2925
1 295 5297
2 36074
1 665 937
1 734 2566
1 220 8131
1 345 1333
1 114 9810
2 21595
1 64 3354
1 191 547
2 560428883
2 32052
1 174 1409
2 13982
1 525 7971
1 593 1356
2 37336
1 215 4108
2 9557
2 42558
1 627 9829
1 365 198
2 48389
1 260 3960
1 41 482
1 607 7464
2 9210
1 772 4941
2 54498
1 254 2365
2 374952589
2 97048
2 36124
1 615 67
2 75385
1 186 7146
2 83539
2 46576
2 30768
2 58600
1 517 1261
1 710 9426
2 4532
1 249 6959
2 45479
2 235987958
1 587 1045
2 59276
1 80 6854
2 19469
2 1190903
1 18 6691
2 53645
1 497 5647
1 471 2852
1 255 7261
2 54034
2 47901
1 618 8545
2 37264
2 39307923
1 235 9491
1 53 8660
2 62163
1 262 8371
2 611249802
1 570 2182
2 2191
1 386 9550
1 167 6522
1 121 3831
1 586 768
2 6726
2 25373
2 68214
1 80 1716
2 22505
1 615 1483
1 299 7621
2 17073
2 206795036
1 711 3793
2 79290
2 14895
2 56532
2 733077988
1 153 3894
2 92070
1 585 6255
1 433 7544
1 53 9141
2 29086
1 550 5717
1 20 5337
2 52019
1 564 7552
1 575 4581
2 99910
2 78436
1 375 7745
1 641 1533
1 360 3705
1 522 3966
2 9035
2 27362
2 69819739
1 387 7232
1 492 4383
1 269 3615
1 287 1346
2 116583898
2 41744
2 69601
2 199
1 123 2309
1 312 789
2 59551
2 9113
2 91297
2 20622
2 351150508
2 90240
2 31660
2 54290
1 608 8306
1 747 2415
1 537 2372
1 268 3137
1 611 6540
1 790 3123
1 110 4340
2 64104
1 787 6979
2 39695
2 10275
2 643598061
1 384 878
1 473 7672
2 5982
1 792 7991
1 446 664
2 59713
2 28108
2 60001
2 88824
2 176133819
1 329 7125
1 605 4568
1 384 9733
1 216 4043
2 176351351
1 267 926
2 22539
2 37356
2 81942
1 248 7777
1 2 9369
1 482 5210
1 714 7707
1 264 8639
2 643373222
1 771 5199
1 655 8009
1 530 8559
2 77683
1 36 5373
1 406 2790
1 485 8520
2 52420
1 663 4599
1 107 6983
2 64420
2 56509
1 135 3720
1 243 1309
1 681 2626
1 614 2998
2 75708
1 4 4935
1 505 9952
1 693 7610
1 632 1723
2 72222
2 15682
1 188 4166
2 184752183
2 69607
2 56831
2 74777
1 718 2315
2 663728419
1 351 2732
1 224 781
2 17122
1 118 5361
1 215 4565
2 49128
2 81423
2 39955
2 42148
2 792387687
1 181 6908
2 45854
2 15091
1 766 110
1 380 9020
2 76816
1 754 5700
1 177 380
2 85374
2 972214630
2 73622
1 342 3167
1 777 9547
1 142 7546
1 423 9957
2 9312
1 18 8945
2 3672
2 45963
1 157 3137
1 59 9070
1 518 1727
1 608 4502
2 67380
1 534 2121
1 369 4299
1 595 2970
2 10783
2 81238
1 676 9267
1 601 4969
1 735 3755
1 761 7527
2 55854
2 18746985
2 41952
1 375 2928
2 33324
2 95201
2 974487795
1 174 4456
2 96446
1 680 3857
1 197 7848
2 771572124
2 24189
2 42908
2 61526
1 132 2339
2 173255689
2 15220
2 42831
2 60856
2 3180
2 360199453
1 657 5483
2 95189
1 555 7837
1 250 8693
1 657 2157
2 69874
2 8044
2 27451
2 62431
1 454 3509
1 373 7263
2 47570
2 99260
2 96174
1 616 4262
1 402 4454
1 610 8577
2 51266
2 687
2 781438059
2 50343
2 437
2 63899
1 72 5166
2 432491746
1 550 5883
2 95631
1 457 3683
2 80061
1 681 3478
2 7373
1 242 1819
1 629 7765
2 47477
2 522272557
1 534 402
2 5848
2 37874
1 268 9876
1 211 7929
2 76139
1 338 2170
2 52629
2 24184
1 235 2290
1 65 6132
1 789 4427
2 31385
2 50720
1 708 2547
2 47268
2 78878
2 6763
1 717 4976
2 122079483
1 560 2869
2 84087
1 742 1441
2 16920
1 546 7354
2 29255
2 37493
2 86194
2 44328
1 199 9008
1 151 1821
2 53355
1 287 9259
1 30 2577
1 507 9794
1 119 7059
2 587
2 64362
1 542 9114
1 250 4798
1 179 9455
2 51038
2 15431
1 265 3504
1 664 902
1 267 8110
2 50885
2 96242
2 25025
1 8 8361
2 192
2 22346
1 266 2090
1 557 5855
2 894015715
2 56495
1 519 2238
2 34133
1 442 6607
1 326 8216
1 170 4022
2 78234
2 2252
1 289 3376
1 408 9844
2 9256
1 486 6378
2 32547
2 67961
2 284937558
2 88384
2 69576
2 31720
2 36520
2 934817125
1 542 618
1 156 2112
2 35147
1 637 178
1 133 302
1 11 3791
1 666 7589
1 293 3822
2 36561
2 893751932
2 93724
1 246 2990
1 100 6301
2 49584
1 265 6598
1 28 717
2 8697
2 92716
1 539 1246
1 745 1054
1 92 5580
2 81073
2 58007
2 47314
2 700221924
1 793 3355
2 98992
2 66557
1 82 1731
2 967157259
1 664 6872
2 92864
2 67822
2 24700
2 978869413
1 345 7840
1 387 488
1 592 8528
2 30310
2 931147982
2 13896
2 94501
2 57183
1 496 3479
1 75 446
1 477 3598
2 15988
2 53908
1 473 8643
2 889680382
2 57779
2 74420
1 66 2868
2 65611
2 150991836
1 230 2436
1 132 9996
2 26088
1 123 8887
2 371214456
1 463 4688
1 598 3158
1 394 6214
1 53 781
1 133 4327
1 746 37
1 767 8031
2 4494
1 798 7958
1 131 380
2 40842
2 63223
2 52619
1 30 1847
2 544811399
2 30066
1 17 1003
2 46822
1 104 2097
1 209 6021
2 19653
2 24492
1 207 4796
1 422 5122
2 269835889
1 786 7185
2 31124
1 92 5102
1 302 4886
1 227 7815
1 474 1663
2 19813
1 763 8915
2 49240
1 115 868
2 2692
1 750 7676
1 198 7166
2 92199
1 241 7649
1 250 1038
1 89 9330
1 502 1197
1 492 480
1 538 3883
2 36205
2 61203
1 491 6119
1 617 8179
1 586 7693
2 69502
1 272 2119
1 330 9425
1 787 1621
2 20470706
2 48998
2 88621
1 171 5064
1 624 4741
1 101 3990
1 672 9140
2 32894
1 182 6358
2 35082
2 240813674
1 602 4264
1 190 1616
1 517 642
1 634 5716
1 293 9225
2 29118
2 33548
1 150 4380
1 177 7995
1 488 9902
1 766 6581
1 477 1701
1 343 6551
1 201 8886
1 330 1921
1 61 6226
2 90578
2 87925
2 77894
1 310 2146
1 717 5784
2 45283
1 195 5878
2 97934
1 2 2453
1 788 7924
2 14739
2 36253
2 27363
1 104 9534
2 3985
2 90868
2 51668
1 26 6972
2 590994167
1 156 4495
2 88352
2 671
1 583 6737
1 687 9922
2 19765
2 58885
1 421 6454
1 617 3846
1 264 3870
1 593 9829
2 52122
2 72931
2 44835
2 250320422
2 72612
2 44732
1 487 943
1 715 3233
2 768562684
1 684 847
1 518 442
1 367 9993
2 34496
1 289 137
2 11889
2 4472
2 52913
1 442 2188
2 82189787
2 68180
1 13 8421
2 9130
2 35513
2 964381022
2 45966
1 306 2383
1 785 6196
2 86987
2 743390519
2 56843
2 90444
1 561 3104
1 202 1923
2 305017951
2 89324
1 221 9370
2 80759
1 457 98
2 127460715
2 9031
2 24215
2 35283
1 512 1275
1 766 8922
1 74 534
1 8 9732
2 20254
2 52644
1 6 6900
2 33179
1 107 8040
2 3156
2 5836
2 2026502
1 410 5679
2 31169
1 196 8991
1 426 7574
1 797 9983
1 116 2555
1 761 5
2 85999
2 20821
1 620 4090
1 429 255
1 798 335
2 50944
2 76801
2 582434578
2 45948
2 76787
2 52995
2 61824
2 236214699
2 27351
2 79600
1 740 8380
1 724 1930
2 898653958
2 77666
2 94419
2 62820
2 91154
2 597725504
1 415 9363
2 46711
1 763 5200
2 93193
1 441 6023
2 93590
2 76220
1 728 7121
1 622 1402
1 465 381
2 95253
2 33961
2 94613
2 76590
2 979840934
1 130 2619
1 284 4823
1 712 9630
1 166 9942
1 669 7993
1 107 9799
1 312 5186
2 94566
1 169 8539
1 595 5516
2 51013
2 68858
1 312 4276
2 31627
1 7 6299
1 380 7140
2 4436
2 85354
1 12 9316
2 283083043
2 42450
1 264 8413
1 147 4396
2 14640
2 464537559
1 63 2389
1 650 4882
2 50256
1 55 5093
1 220 638
1 223 2260
2 44199
1 506 2145
1 734 9076
2 787355716
1 379 7370
1 430 2664
1 456 94
2 82179
1 179 595
2 70345
1 16 5589
2 32286
2 82148
2 703053599
2 33220
2 63543
1 188 8718
2 91704
2 164210612
1 269 5114
1 211 2432
1 31 6394
2 71031
1 693 9545
1 755 5030
1 113 1636
1 223 9916
1 771 142
2 318184921
2 27190
2 24800
1 23 8978
1 247 4321
2 260121172
2 76013
1 530 5776
2 14409
1 1 5288
1 703 6385
2 46250
2 9436
2 89365
1 290 1562
1 613 7703
2 38017
1 373 1527
1 393 2901
2 60925
2 275778240
1 645 7231
2 20985
2 81581
1 259 6139
2 961886043
2 40890
2 82182
1 49 561
1 122 8037
2 33436397
2 10530
2 46532
2 6059
1 325 4892
1 439 7278
2 74116
1 3 9363
1 609 3366
2 24978
2 716921620
2 21772
1 170 2444
1 427 5107
2 58396
2 204895480
2 45138
2 20629
2 78744
1 404 2673
1 307 1188
1 548 1311
1 315 3866
2 14127
1 73 2128
2 946669632
1 466 7967
1 21 6361
2 77576
2 93235
2 901427447
2 45985
2 10506
1 376 8036
1 167 1182
2 142143606
2 34767
2 65306
2 14028
1 122 5094
2 230877246
1 729 1071
2 10120
2 63223
2 24568
2 380532319
1 605 4020
1 35 1881
2 19621
1 751 4440
2 652256716
2 44844
2 65761
2 69531
2 8261
1 714 8162
1 247 7445
2 87266
2 30461
2 52577
1 313 4524
1 715 5988
2 48834
1 716 1932
2 39554
2 627482906
1 438 2542
2 75463
1 310 8976
1 579 4516
2 568259090
1 221 6865
2 64297
2 78089
2 63478
2 65362807
2 59034
2 32303
2 69026
2 54503
1 111 1774
1 215 7914
1 347 1782
2 35868
2 93469
1 738 715
2 53915
2 58815
1 418 9960
1 361 1858
1 517 4262
2 88476
1 512 4518
2 15586
1 104 7550
1 335 5065
1 734 8944
2 66419
2 57011
1 700 7858
1 651 4608
2 63448
2 67772
1 486 963
2 31298
2 842256963
1 776 941
1 34 9026
2 88407
1 142 7920
2 120893227
1 669 8809
2 67717
1 323 4107
1 142 3246
2 565407838
2 66396
1 616 9559
2 28792
1 148 3740
2 834655239
2 49072
1 722 6418
2 35651
1 223 7998
1 748 4300
2 3077
1 443 5383
1 125 2333
2 56377
1 109 3632
2 94126
1 283 861
1 362 3205
1 627 8948
1 204 7733
2 42467
1 373 2875
1 151 3897
1 50 4522
2 274777565
2 25370
1 560 2691
2 27452
2 26471
1 522 5415
2 54856
1 783 752
2 82128
1 269 8463
1 429 2554
1 541 4176
2 1596
1 154 6815
2 5612
2 687521777
2 86751
2 69577
2 45581
2 60543
2 624230937
1 343 2304
2 26382
1 521 1371
2 81043
1 238 1561
2 60259
2 85370
1 554 8375
2 80857
2 542008120
1 533 3023
2 4177
2 73209
1 475 3291
2 158194443
1 129 3577
1 725 9907
1 644 8359
2 12576
2 428539129
1 165 1389
1 288 1760
2 88214
2 85887
2 626767108
2 1493
1 152 6840
1 17 6967
2 13617
2 655519974
2 1431
2 5280
2 27786
1 687 582
1 764 6243
1 351 3412
2 28355
1 196 974
1 358 9270
1 251 3514
2 38310
2 11572
1 527 869
2 24154
1 248 2015
1 687 4805
2 65778
1 356 4349
1 105 5863
2 269638276
1 598 4281
1 33 9272
2 80030
1 349 9135
2 152746312
1 84 7483
2 90754
1 4 3327
1 441 5988
2 388423390
1 517 4615
1 134 6209
1 246 9819
1 388 5872
2 945005830
1 407 8572
2 33201
2 88295
1 345 6018
1 272 585
1 473 2542
2 53465
1 772 9588
2 25302
1 118 5946
2 62010
2 63731
2 29033
2 87241
2 374728725
1 708 7749
1 127 1363
1 228 8129
1 237 9746
1 231 9580
2 41041
2 42173
1 453 555
1 250 2344
2 505105841
2 94564
1 748 9729
2 43175
1 473 8449
1 450 9285
2 77304
1 182 5289
2 36385
2 80263
1 582 1933
2 64272
1 479 1254
2 26250
1 470 945
2 354141931
2 11976
1 645 4654
1 745 4186
1 153 5565
1 401 9553
2 31146
2 87007
2 12787
2 77945
1 686 3752
2 57512
2 82677
2 93676
1 632 985
2 931093940
1 696 6724
1 445 3962
1 471 9909
2 43813
1 467 7254
1 368 6289
1 344 5913
2 54092
2 66765
2 476390255
2 52923
1 437 8044
2 58025
1 239 1766
1 374 4737
2 57048
1 553 1240
1 139 414
1 112 1238
2 235089122
2 54460
2 10761
2 63261
2 19982
1 773 6141
1 345 7277
1 800 4587
2 22625
2 52344
2 733500454
1 793 6574
2 50261
2 26080
2 8145
2 562681380
1 491 3711
2 80040
1 768 5631
1 376 6969
1 543 5449
1 757 9431
2 1922
1 202 518
1 211 3181
2 967618698
2 21566
2 98999
2 34937
2 9272
2 199092842
2 21759
2 71667
2 29452
1 48 6697
2 441849221
2 5266
1 215 1036
1 403 4524
1 240 9722
1 384 5565
2 86760
2 13343
2 12196
2 53447
1 176 5816
1 472 6488
1 702 3212
2 74007
2 37901
2 211441525
1 465 9249
2 17355
1 354 9315
1 377 5191
1 751 8989
1 524 9880
1 791 5679
2 80481
1 103 9972
1 752 7016
1 414 867
1 516 6107
1 583 5651
2 60242
2 202878752
2 54793
1 538 5821
2 13972
2 96755
1 555 5630
1 40 4179
2 311
2 20053
2 93995
1 800 1312
1 758 6984
2 56185
2 62757
1 51 850
2 344291333
1 191 2293
2 72922
1 774 293
2 92023
2 802963117
2 99987
2 15337
2 46215
1 497 4715
1 629 2370
2 97651
2 39171
1 239 5698
2 85836
2 80129290
1 285 5202
1 350 4669
2 14185
1 60 5198
2 886255411
1 510 8499
1 134 1210
2 46451
2 68533
1 502 8454
2 46020
1 650 6570
2 33882
2 30563
1 411 1049
2 71283
2 11058
2 55205
1 589 1380
2 728603044
1 575 7149
1 709 3253
1 216 5577
2 59629
2 377353663
2 11212
2 26818
1 303 3382
1 508 9385
1 180 7921
1 37 4249
2 82617
1 690 1465
1 145 8006
1 477 5396
2 58833
1 71 8937
2 3251
1 515 6172
2 575224559
1 644 5209
2 553
2 88928
1 131 9391
1 702 1692
1 643 2098
1 233 5195
1 342 504
2 79820
1 799 6524
2 67248
1 574 2211
2 89027
1 647 711
1 456 455
2 37085
2 15236
1 779 7703
2 14245
1 260 7372
2 47825
1 336 9670
1 699 5721
2 45399
2 199198612
2 54730
2 54443
2 20831
1 780 8906
2 471799832
2 7163
2 17492
2 29861
2 83969
2 474248474
2 29280
1 457 1994
2 91702
2 44442
2 715706780
1 476 9033
2 73471
1 562 5386
1 121 1030
2 303901444
1 741 7314
2 14284
2 53283
1 105 4687
2 676342828
1 700 3446
1 498 3348
2 73233
2 30000
2 305272810
2 92099
1 366 9771
1 103 857
2 38046
2 658364650
1 197 9928
1 726 3475
2 30339
2 14186
2 692083449
1 499 2227
2 17038
2 50390
1 588 3991
1 230 2757
1 537 5254
1 231 8913
1 208 3804
2 61013
2 293055117
2 87309
2 72324
1 41 3708
1 123 586
2 885121228
1 266 784
2 13529
2 42751
2 26645
2 151765213
1 459 5056
1 509 3794
1 566 8501
1 415 5852
2 348232769
1 734 5651
2 84600
2 52382
1 215 1917
1 56 8356
2 87510
1 250 4193
1 79 5113
2 60288
1 414 3336
1 444 3317
2 63657
2 26579
1 497 9189
1 534 7425
2 40173
2 74928
1 222 2261
1 179 6458
2 561765944
2 79515
1 529 6098
1 460 5048
2 27310
2 692099978
1 595 7051
1 144 7615
1 130 9189
1 357 3893
1 146 2035
2 51635
2 27854
2 98580
2 9819
1 29 3706
1 527 7028
1 312 540
1 725 2085
1 419 640
2 713796196
1 776 5026
1 341 1979
1 435 9524
1 358 1125
1 458 497
2 73009
1 294 2901
2 42300
